4612	0	15
468	0	0
7717	0	15
70	0	0
4398	0	15
7944	0	13
7059	0	15
951	0	0
6809	0	15
4327	0	15
848	0	0
6721	0	15
7630	11	15
4521	0	15
4173	0	15
761	0	0
3281	8	15
515	0	0
7891	0	0
4226	0	15
1734	0	13
743	0	0
788	0	0
6678	0	15
6409	0	15
7569	0	15
5694	1	15
4988	0	15
6798	1	15
1844	0	15
4150	0	15
172	0	0
2065	15	14
219	0	0
356	0	0
2819	10	15
7923	0	15
2410	9	15
7227	2	15
2217	9	8
4509	0	15
4241	0	15
4020	0	15
1852	1	15
2182	3	5
1248	0	13
1074	15	15
3979	0	12
2094	6	13
4288	0	15
2379	14	6
6206	1	15
1326	12	0
2374	5	11
3627	0	0
1647	15	0
6082	0	15
6022	0	15
3888	1	15
717	0	0
5064	3	0
2814	2	5
2694	2	13
4156	0	15
173	0	0
1037	3	0
7087	0	3
3133	15	15
1025	15	0
399	0	0
3188	0	15
6640	0	15
7116	0	0
6417	0	15
1869	0	15
2142	0	15
3961	0	0
1569	0	0
1794	0	15
3069	0	15
1848	0	1
425	0	0
470	0	0
4174	0	15
2884	0	0
2839	7	0
2463	10	0
3326	0	0
4767	0	15
1177	0	15
1226	0	15
2818	15	9
4541	0	15
2803	7	11
5236	0	0
2512	0	1
6890	0	0
52	0	0
254	0	0
4567	0	15
3283	0	13
5367	0	13
601	0	0
4832	0	15
1939	0	2
2950	13	15
4067	0	15
5781	14	12
1662	0	0
7459	0	0
3072	0	15
7863	0	15
3938	2	0
7617	0	0
4732	0	15
7006	0	0
946	0	0
799	0	0
6394	0	15
440	0	0
629	0	0
7672	0	0
3796	0	2
888	0	0
7058	0	13
2791	5	0
2134	11	15
1109	0	15
6427	0	15
6991	0	0
5254	0	0
4579	0	15
5877	0	0
2605	0	12
555	0	0
2490	15	7
1855	1	15
5805	0	15
3385	13	15
5208	0	15
5645	0	15
3851	0	0
1728	6	15
1068	13	11
7429	0	15
3936	0	15
3896	0	15
4757	0	15
5448	10	15
2054	15	13
6668	0	15
5936	0	15
4697	0	15
7186	1	15
7831	9	15
413	0	0
1497	10	15
2138	14	9
6734	0	15
5202	0	15
2635	14	8
4229	0	15
4434	0	15
1332	0	2
7897	0	4
7933	0	15
699	0	0
5176	15	0
4691	0	15
1650	15	15
3832	0	15
1185	0	1
6035	0	0
4215	0	15
4450	0	15
1078	0	15
4461	0	15
7323	0	1
3537	1	15
2096	7	15
7904	0	15
6180	0	15
7195	0	3
2515	13	15
7675	12	15
2632	13	15
3867	13	15
3550	14	14
5375	0	0
5590	10	15
177	0	0
6453	1	15
4618	0	15
7043	0	15
1556	0	15
1011	0	15
6026	0	0
7307	0	15
2282	7	6
4983	0	15
2937	4	0
6919	0	15
6820	0	15
704	0	0
3548	0	0
3957	10	0
6966	0	15
669	0	0
2929	4	5
2970	0	12
7943	0	0
1375	2	0
6946	0	15
4204	0	15
7406	0	15
4636	0	15
4314	0	15
681	0	0
7476	0	3
2588	11	6
3804	0	3
2801	5	12
2372	6	11
337	0	0
7926	0	0
6405	0	0
3819	0	15
1618	0	0
6365	0	0
868	0	0
489	0	0
4231	0	15
1963	11	15
5923	0	12
4181	0	15
100	0	0
5774	8	0
1188	0	0
5516	15	0
4602	0	15
7111	0	0
6384	0	15
3205	0	0
5822	13	12
6865	0	0
4559	0	15
2099	2	13
6456	0	15
5482	13	12
904	0	0
6931	0	15
4608	0	15
2080	12	9
776	0	0
2141	6	15
2734	0	9
4834	0	15
815	0	0
2772	0	14
3059	0	0
4830	0	15
7218	10	15
7814	0	15
3828	0	15
2751	15	7
1119	15	0
132	0	0
2338	8	0
1841	15	14
7502	0	0
4152	0	15
2525	15	5
388	0	0
7631	0	0
1312	11	15
751	0	0
571	0	0
7420	15	7
5233	12	15
1229	11	0
511	0	0
7751	0	15
3270	0	0
6855	0	15
1368	0	15
849	0	0
952	0	0
7172	10	15
1075	0	15
2257	0	7
2556	0	8
2337	1	10
2548	7	9
3983	0	1
3470	11	15
2472	9	5
5484	0	15
7364	0	3
7946	15	13
4357	0	15
5250	0	15
3901	0	15
3649	10	0
7208	0	15
2811	4	0
3517	0	15
6736	0	0
3739	0	3
1753	0	15
6300	1	15
1409	0	15
5279	0	1
745	0	0
256	0	0
2766	14	15
2917	1	9
5628	0	15
7098	0	15
658	0	0
2796	12	2
4127	0	15
7915	0	3
3327	10	0
7025	0	15
6762	0	0
5053	9	15
2120	2	11
6939	0	0
3195	0	15
2615	15	9
3942	12	13
1778	0	0
4606	0	15
6465	2	15
6538	0	0
3017	0	15
1534	0	15
3297	0	15
4005	0	15
3438	0	0
6899	0	15
6566	0	0
4979	0	15
283	0	0
5490	0	15
3884	15	14
2193	0	13
6450	0	15
2056	11	10
3104	0	0
7411	0	0
5595	0	15
6134	0	0
4700	0	15
5467	15	14
701	0	0
3132	15	0
7028	15	0
6389	1	15
5967	0	1
7254	0	0
7884	15	15
7153	0	0
6214	0	15
929	0	0
2924	0	10
1699	0	15
3084	11	15
38	0	0
7788	0	1
5046	15	11
3681	0	0
4249	0	15
3421	0	15
135	0	0
2676	8	2
4921	0	15
1908	1	15
2860	4	6
5032	0	15
6154	0	0
2577	11	5
5029	0	15
5519	15	15
2448	1	15
6840	0	15
4424	0	15
4759	0	15
1034	2	15
1922	15	14
1125	0	9
6918	0	0
3274	14	12
3445	11	0
1003	0	0
1740	0	15
3970	0	0
956	0	0
2887	0	0
1761	0	15
3460	10	15
184	0	0
4299	0	15
4978	0	15
4503	0	15
3743	0	0
1285	0	15
1577	15	12
5527	0	2
1477	1	15
230	0	0
6479	0	0
3927	0	3
4253	0	15
5639	14	14
2899	9	5
825	0	0
5411	0	15
6053	0	15
527	0	0
869	0	0
6270	0	0
2147	4	12
3397	10	0
2847	8	0
5654	0	15
2231	1	15
4316	0	15
6496	1	15
236	0	0
6956	0	15
4262	0	15
2914	5	12
3874	1	15
7251	10	0
1010	0	3
6065	0	1
2792	15	15
2809	0	15
1539	0	0
1372	0	15
2437	0	11
7746	0	15
7239	0	0
3404	0	0
4883	0	15
5671	0	2
5065	0	15
5292	0	0
4676	0	15
5907	0	6
7639	0	15
7936	10	15
5387	0	0
953	0	0
4075	0	15
5734	0	14
5680	10	0
4535	0	15
879	0	0
7716	4	0
2416	6	0
4086	0	15
7553	0	15
1255	0	15
6773	0	15
4179	0	15
1079	0	15
1140	0	12
2583	15	6
2102	7	4
2329	13	0
2233	2	1
54	0	0
2877	0	0
7640	0	15
4372	0	15
235	0	0
2297	7	4
3549	15	0
5421	12	15
5518	2	10
2398	15	10
4635	0	15
4872	0	15
944	0	0
4159	0	15
7670	0	15
1553	0	0
107	0	0
4836	0	15
6525	0	0
6143	0	0
1070	0	0
5557	11	15
3577	0	4
89	0	0
7202	0	1
7913	0	15
1064	0	0
4639	0	15
6467	1	15
1466	0	2
6472	0	15
6411	0	15
7850	15	0
5854	0	2
3196	0	0
3287	15	15
7837	14	14
2707	3	5
5512	0	15
7727	0	15
5548	0	12
6072	0	15
3074	0	5
1327	0	0
2165	12	0
995	0	0
4713	0	15
4031	0	15
2036	0	15
7828	9	0
2679	8	0
4170	0	15
2010	0	12
3947	10	0
1146	0	15
455	0	0
7764	14	13
4809	0	15
2483	10	5
6551	0	15
7989	0	0
6868	0	15
372	0	0
5824	0	15
1527	0	15
7114	0	15
7921	15	0
7961	0	15
517	0	0
1910	0	0
3185	0	0
6010	0	15
7150	15	15
7126	0	3
2174	4	15
5030	4	0
2923	15	9
4818	0	15
2663	3	2
4758	0	15
2894	9	10
7131	12	15
7564	0	12
192	0	0
1706	15	0
4463	0	15
1062	0	0
6784	1	15
1319	0	15
226	0	0
4471	0	15
4393	0	15
5721	4	0
664	0	0
6140	0	0
343	0	0
223	0	0
5612	14	14
6515	0	15
7417	12	15
1876	0	15
68	0	0
98	0	0
130	0	0
1715	0	15
1148	0	3
6783	0	15
1069	0	15
1035	0	14
2905	0	15
7967	0	15
5270	15	0
5392	10	15
4364	0	15
7552	0	2
332	0	0
612	0	0
4928	0	15
6926	0	15
3037	15	13
7010	0	15
2353	9	5
7912	0	0
1680	0	15
7416	15	14
6917	0	15
4919	0	15
6077	0	15
4212	0	15
1239	10	15
7113	0	15
2634	12	8
6571	0	1
217	0	0
7848	0	15
7246	0	15
2209	8	5
5954	0	0
505	0	0
7324	11	15
1708	11	15
4096	0	15
3209	11	15
1352	0	0
1190	0	0
722	0	0
3596	0	0
3834	15	0
2526	3	1
456	0	0
1436	0	0
6254	0	15
421	0	0
6067	0	0
4920	0	15
835	0	0
6468	0	15
1426	0	15
6542	0	15
7924	0	15
139	0	0
7593	15	13
1651	0	15
4064	0	15
5702	10	0
7109	10	15
3342	0	15
3226	0	0
1176	10	15
5514	0	4
7980	0	0
3778	0	0
2639	11	10
6642	0	15
918	0	0
7269	0	15
2117	2	9
7698	15	0
7289	12	11
7629	10	0
2313	2	8
4553	0	15
640	0	0
2785	12	3
714	0	0
2339	9	8
6367	0	0
4099	0	15
4624	0	15
674	0	0
5705	0	3
6739	0	15
153	0	0
3962	0	0
6098	0	0
6458	0	0
2932	2	3
7163	14	15
928	0	0
1749	0	15
5071	15	14
1992	0	15
7859	0	15
2606	0	9
6845	0	15
6355	0	15
5763	3	8
2817	4	11
3075	0	0
6310	0	15
483	0	0
5148	12	15
1023	0	1
5882	10	15
6881	0	15
1472	0	0
2197	5	4
5901	10	0
5495	13	15
6349	0	0
5977	10	0
1874	3	0
2225	13	0
7138	0	1
4279	0	15
3774	0	12
1870	0	15
4120	0	15
668	0	0
6056	0	15
3410	0	15
3182	9	15
4537	0	15
2424	4	0
395	0	0
611	0	0
4768	0	15
1770	0	15
5395	0	15
6051	0	15
6075	0	15
6087	0	15
5719	0	15
2730	12	6
5922	0	3
4477	0	15
4528	0	15
4007	0	15
344	0	0
4437	0	15
580	0	0
7439	12	0
7813	0	0
2758	5	7
6442	0	15
5288	9	0
874	0	0
1294	0	15
2982	6	1
6973	1	15
4540	0	15
5944	12	15
2354	10	11
2542	4	0
7689	0	3
7561	0	15
7619	0	15
2053	6	8
5093	0	15
7482	0	2
1859	0	1
3671	0	0
7786	0	14
496	0	0
2473	4	7
6548	0	15
7799	15	0
3373	0	15
4137	0	15
5010	0	15
4941	0	15
5819	0	2
4879	0	15
3254	0	15
6198	0	15
1221	0	0
115	0	0
3818	15	15
4504	0	15
5913	0	15
846	0	0
2295	1	0
6509	0	15
3948	0	15
1738	0	0
6305	0	1
6152	0	0
6264	0	15
4166	0	15
7633	0	15
7767	0	3
6748	0	15
7687	9	15
4292	0	15
2166	0	8
439	0	0
3950	9	0
7743	0	15
3214	0	2
5356	0	0
1758	11	14
5369	0	15
6043	0	15
1370	0	0
7334	12	12
2150	0	0
618	0	0
4756	0	15
954	0	0
7603	0	15
5120	0	0
5276	0	0
7276	0	0
3049	0	0
3250	11	0
7725	1	15
7622	0	15
5283	0	0
2956	7	15
7017	10	15
725	0	0
6701	0	15
2235	9	0
4258	0	15
7985	0	15
2192	15	2
5171	13	13
2544	11	2
3343	12	15
7210	0	3
2968	0	4
3126	0	15
3492	15	15
2171	12	0
832	0	0
127	0	0
1121	0	15
805	0	0
5295	0	9
6703	0	15
5931	0	15
3323	9	0
1514	11	0
3760	10	15
5982	0	15
3945	0	2
265	0	0
6959	1	15
1382	0	15
5542	0	15
4794	0	15
3016	0	4
6197	0	15
4202	0	15
5112	0	15
3724	0	15
5547	0	15
6520	0	15
650	0	0
5131	3	0
523	0	0
4394	0	15
854	0	0
1469	0	0
3354	0	15
817	0	0
4590	0	15
5630	0	15
2267	7	5
5981	13	13
5651	0	15
5174	0	0
4937	0	15
5880	9	0
4801	0	15
4322	0	15
1589	0	15
2878	13	0
5676	0	15
7345	0	15
2668	2	12
2974	0	12
6181	0	0
4297	0	15
5924	15	0
3545	0	14
1750	1	15
588	0	0
2322	3	8
5710	0	15
7677	14	13
1576	15	0
7826	0	1
1257	0	15
4673	0	15
1182	0	15
5879	0	15
7632	0	4
5610	15	15
6894	0	15
7524	15	0
6498	0	0
5810	0	0
2249	6	0
6342	0	0
3653	15	14
4671	0	15
2168	8	10
5119	8	15
2148	3	15
2449	11	2
281	0	0
4059	0	15
2179	0	4
5223	0	14
7049	0	0
1899	0	15
5552	15	15
6193	0	0
2042	3	13
4016	0	15
4672	0	15
4820	0	15
3777	13	13
7425	0	1
2440	7	9
2993	13	11
1008	15	7
3670	0	15
7975	1	15
5720	0	0
4475	0	15
4130	0	15
5433	15	0
5214	11	0
4912	0	15
2299	14	3
5272	0	0
240	0	0
3367	0	15
4011	0	15
4752	0	15
179	0	0
3975	0	0
6368	0	15
376	0	0
4975	0	15
3705	0	15
449	0	0
3771	1	15
6823	0	15
3005	0	15
4227	0	15
4594	0	15
1575	11	0
566	0	0
1094	13	14
2536	5	6
7701	0	5
1798	15	15
5220	0	0
3514	0	15
7472	15	14
3296	0	1
1896	11	0
6003	0	15
1669	0	15
6691	0	0
959	0	0
2008	6	4
1171	1	15
4604	0	15
2439	13	12
1815	3	0
1759	0	15
5026	0	0
7243	15	0
143	0	0
2598	14	1
7341	8	0
6646	0	0
1259	0	0
6285	0	0
3480	15	15
1796	0	0
4412	0	15
2651	8	8
1912	0	15
1492	0	0
2645	10	9
1482	12	15
1663	0	2
6578	0	15
6826	0	15
6878	0	15
5768	0	3
7365	0	0
856	0	0
1986	0	3
1981	0	0
6761	0	15
702	0	0
3267	0	15
6282	0	15
4726	0	15
6916	0	0
4098	0	15
827	0	0
6219	1	15
493	0	0
7781	0	2
7273	0	1
3839	0	15
6045	0	15
6647	0	15
7628	14	13
216	0	0
4510	0	15
3644	0	15
2069	0	15
3291	0	12
44	0	0
5828	0	0
5860	0	0
728	0	0
3189	0	15
7015	0	15
3203	0	0
6321	0	0
4002	0	15
5	0	0
5890	4	0
5145	0	0
6105	0	15
7791	1	15
2934	0	14
4465	0	15
1443	0	0
6880	0	15
6372	0	15
5783	11	0
6229	0	15
2757	8	2
6298	0	15
6344	0	15
4714	0	15
7392	0	0
6215	0	0
3873	0	15
5231	0	15
808	0	0
792	0	0
7571	0	0
1776	0	15
976	0	0
7657	0	15
1839	0	0
2951	2	4
4500	0	15
3262	0	0
6348	0	15
1058	15	15
5489	11	15
5689	9	0
4533	0	15
5056	0	0
3510	4	9
4247	0	15
737	0	0
5837	0	0
3841	0	5
7963	0	0
5466	0	0
7581	8	0
4596	0	15
3302	0	0
2124	0	1
3425	0	0
6596	0	15
1828	0	2
2787	5	0
4221	0	15
7060	0	15
4839	0	15
3064	0	15
793	0	0
6753	1	15
4196	0	15
7903	0	0
1823	0	0
7620	0	0
2006	9	15
1631	10	15
3690	0	15
6252	1	15
6702	0	0
1711	11	0
4057	0	15
4717	0	15
7824	0	0
1906	13	12
3054	14	11
1835	15	14
4621	0	15
3916	0	0
3135	0	15
1066	0	15
3117	0	0
5331	0	0
4481	0	15
7409	11	0
134	0	0
677	0	0
486	0	0
1730	0	15
1004	0	15
5397	0	0
3219	15	14
3320	0	0
6432	0	15
6681	0	15
1359	12	12
984	0	0
7422	0	0
6471	1	15
1530	14	13
779	0	0
7934	0	0
4536	0	15
2133	5	14
4562	0	15
991	0	0
3224	0	15
3811	0	15
5097	0	15
3258	0	15
7858	0	15
933	0	0
2152	4	0
3282	0	13
3814	0	15
4787	0	15
475	0	0
6687	0	0
7849	0	15
2912	5	0
4346	0	15
4270	0	15
6847	0	15
4719	0	15
4246	0	15
696	0	0
5816	15	0
1672	0	15
6100	0	0
2646	3	9
1401	0	3
3448	13	12
3179	0	1
4698	0	15
7487	0	15
6009	0	15
4148	0	15
2021	11	11
5427	0	1
5501	10	15
463	0	0
1679	0	0
5875	14	14
772	0	0
4154	0	15
6592	1	15
1498	0	15
3626	0	15
492	0	0
7843	12	15
3151	0	15
4868	0	15
6166	0	15
1619	15	13
2444	0	15
804	0	0
5581	15	0
4580	0	15
5322	0	2
3597	11	0
4534	0	15
4084	0	15
3401	14	13
6094	0	15
4585	0	15
4974	0	15
7396	0	3
6159	0	0
3620	0	15
6825	0	0
4055	0	15
5929	15	11
987	0	0
5368	0	15
229	0	0
4532	0	15
3993	0	15
1972	0	15
5789	0	4
2051	8	1
654	0	0
814	0	0
3324	1	15
652	0	0
5086	15	12
3146	15	15
2298	10	11
4054	0	15
3906	0	11
4776	0	15
3751	0	0
293	0	0
2619	2	6
2729	11	9
5508	0	2
6660	0	15
1723	0	0
3849	13	14
6199	0	15
3797	0	3
5799	13	12
5380	0	0
4473	0	15
6730	0	15
7878	0	14
6039	0	15
361	0	0
3180	0	15
1293	0	15
919	0	0
4486	0	15
3694	14	12
4356	0	15
1005	0	0
507	0	0
7001	0	0
59	0	0
1211	0	15
7278	12	13
4524	0	15
3612	0	0
4114	0	15
7651	0	15
5666	0	12
7864	0	1
2103	0	4
3982	10	0
1147	0	1
6299	0	0
2664	6	2
1953	15	0
2253	0	15
2206	0	12
1837	0	15
2594	8	12
2692	15	11
1439	0	0
3384	0	15
3985	7	0
5425	14	14
4457	0	15
7735	0	0
3061	0	2
4284	0	15
3897	0	0
2403	9	11
5439	0	0
3490	0	0
6156	0	0
6404	0	15
3930	15	0
7427	0	15
4018	0	15
1805	0	0
4175	0	15
1772	0	15
6363	0	15
7585	0	0
26	0	0
6111	0	15
5605	0	15
7840	0	15
7902	0	0
3590	0	15
5268	0	15
1660	0	1
342	0	0
2016	15	0
1915	1	15
4574	0	15
7016	0	15
2191	15	3
4300	0	15
6287	0	15
565	0	0
3609	9	0
458	0	0
1664	0	0
3216	15	12
6589	0	0
3540	0	2
2793	7	13
3813	15	14
6574	0	15
6754	0	0
6284	0	15
6785	0	0
6700	0	15
176	0	0
7267	9	15
4591	0	15
5052	15	15
12	0	0
5791	0	0
3829	13	14
5412	0	0
3511	12	13
3304	12	0
4000	0	15
4876	0	15
4736	0	15
4735	0	15
7616	0	15
2292	15	12
3538	0	15
7549	0	3
2467	9	5
7231	0	3
3340	0	15
641	0	0
2341	5	0
5500	0	15
4987	0	15
3889	0	15
385	0	0
5400	0	15
5025	1	15
3624	15	0
2121	11	8
7397	0	2
1253	9	15
105	0	0
5340	0	15
6555	0	15
4561	0	15
406	0	0
3260	0	15
3028	0	12
4778	0	15
6002	0	15
5318	12	14
5403	0	4
873	0	0
1480	0	15
1545	0	0
4993	0	15
7314	0	15
4422	0	15
5255	0	0
2648	12	9
4914	0	15
6950	0	0
1745	10	15
3568	15	13
2759	7	0
4488	0	15
5262	0	15
4651	0	15
1411	0	15
2520	0	9
4269	0	15
6351	0	15
4468	0	15
7729	0	0
4171	0	15
156	0	0
2412	3	4
4014	0	15
1320	9	0
713	0	0
182	0	0
2454	6	15
1040	11	15
4550	0	15
469	0	0
2461	0	2
7935	15	0
2088	6	6
2092	12	0
7676	13	13
1139	0	2
5550	9	5
4616	0	15
2459	8	15
4462	0	15
5459	0	0
2808	10	1
4629	0	15
6790	1	15
7128	0	15
5669	0	0
6289	0	15
7494	0	0
296	0	0
4449	0	15
7683	0	1
6629	0	0
1966	0	15
706	0	0
2551	4	15
1038	10	15
591	0	0
1481	0	15
6641	0	15
2074	3	0
2430	2	13
3520	0	15
1670	13	12
7557	0	0
7071	0	3
5723	13	14
7492	13	12
6081	0	15
2028	15	15
7115	0	15
2702	3	6
1303	12	12
710	0	0
4895	0	15
7541	15	0
5491	0	5
1251	0	15
524	0	0
7821	10	15
390	0	0
4746	0	15
4302	0	15
7056	0	0
5578	14	13
864	0	0
4652	0	15
1379	0	0
4264	0	15
2343	4	14
4641	0	15
7782	13	13
6818	0	0
6766	0	0
5579	11	15
3312	15	0
6185	0	0
2203	7	15
5478	0	0
5320	13	15
5538	11	0
4337	0	15
4923	0	15
6724	1	15
935	0	0
1331	0	0
5165	0	15
2521	0	0
2879	0	3
1135	13	14
3436	10	0
1940	1	15
1511	0	15
269	0	0
847	0	0
1807	0	15
1412	0	15
639	0	0
5927	5	10
769	0	0
5813	14	13
6258	0	0
6086	1	15
3598	15	8
4747	0	15
164	0	0
7607	0	0
5330	1	15
3730	15	15
2441	0	0
7337	0	15
5741	15	15
5528	12	15
4741	0	15
112	0	0
4780	0	15
5455	10	0
6204	0	15
3465	0	15
1329	10	0
2151	0	6
4102	0	15
3159	15	15
3713	0	0
3077	0	15
784	0	0
870	0	0
982	0	0
6539	0	15
1593	0	10
2931	0	15
7832	0	0
2462	14	7
6758	0	15
6483	0	0
6942	0	15
6676	0	15
3284	0	0
4548	0	15
5569	0	15
2643	10	5
1377	11	0
4243	0	15
354	0	0
3232	0	15
7986	10	15
7379	0	12
610	0	0
2162	4	14
4197	0	15
1567	0	15
7887	8	0
287	0	0
4097	0	15
3981	0	1
6308	0	15
6170	1	15
992	0	0
5761	0	15
7105	0	1
6733	0	15
3197	0	15
6482	0	0
972	0	0
553	0	0
2925	9	9
6516	1	15
6598	0	15
2188	12	7
7778	0	15
1657	12	10
667	0	0
4583	0	15
6058	0	0
4592	0	15
2156	3	6
7079	12	15
4899	0	15
3850	0	15
7860	0	15
1907	15	15
1433	0	0
7478	0	15
2636	10	15
2979	10	15
3604	0	0
1166	0	0
7033	0	0
7602	0	15
1214	0	0
4388	0	15
569	0	0
585	0	0
5487	10	0
1867	0	0
6527	0	15
7452	15	0
7457	0	0
3803	0	15
5099	0	0
3616	0	15
6476	0	0
4497	0	15
4093	0	15
7811	0	15
4263	0	15
340	0	0
4035	0	15
3973	0	0
1132	14	13
1459	0	15
4209	0	15
3919	0	0
7184	0	0
5230	0	15
7196	14	14
2471	10	15
6512	0	15
1227	0	15
4940	0	15
3473	0	15
6218	0	15
1463	0	15
1398	0	0
2220	8	9
560	0	0
3715	0	0
5460	0	0
2565	7	15
4706	0	15
383	0	0
1098	0	15
7454	0	4
635	0	0
4976	0	15
5580	0	0
4514	0	15
2553	0	9
6623	0	15
1994	10	15
6066	0	15
396	0	0
5585	15	0
1365	0	15
3259	0	15
1358	0	4
4309	0	15
6787	0	15
1935	0	15
5297	0	3
315	0	0
7599	15	13
7094	15	15
2300	0	0
5756	0	15
3217	15	15
7326	0	1
3852	0	15
7647	14	14
7983	0	0
3847	0	15
7099	13	15
5371	0	2
2720	8	11
6909	0	15
3836	0	15
1041	0	0
5754	0	3
791	0	0
2230	6	12
5049	0	15
5556	0	4
6454	0	0
3305	0	0
3994	1	15
3696	0	13
4255	0	15
7360	0	0
3605	0	0
5845	0	0
2451	4	13
3561	15	15
7378	13	15
3824	0	0
6975	0	15
4076	0	15
2904	6	11
6316	0	0
5008	15	0
9	0	0
7129	15	0
2422	0	2
7953	0	2
5536	0	15
4576	0	15
4660	0	15
6600	0	15
3193	0	0
5655	0	0
2514	2	4
1442	0	15
2516	6	0
1786	0	0
4753	0	15
2995	7	7
6585	8	15
2773	4	0
3007	0	15
3306	3	0
2804	8	0
5656	0	0
363	0	0
7712	0	0
2131	14	15
6190	0	15
2118	4	6
2691	4	10
4888	0	15
2981	5	0
5777	0	4
6986	0	15
5957	1	15
5275	0	15
2046	5	10
7618	15	0
6997	0	15
4737	0	15
1532	0	14
5998	15	0
2770	0	5
1652	1	11
1929	15	15
4745	0	15
3845	9	15
3528	0	15
4755	0	15
4566	0	15
2928	2	6
2435	6	12
1245	0	15
5453	10	0
446	0	0
7774	15	15
7166	15	0
4720	0	15
3659	3	0
7529	0	15
6955	0	15
2738	5	15
7222	0	15
3846	10	15
4331	0	15
7704	0	15
3702	0	15
2350	11	6
546	0	0
4985	0	15
6276	0	15
6779	0	15
7610	0	15
198	0	0
1610	15	0
1799	0	0
1993	0	4
7147	0	2
2753	15	7
2404	10	2
3080	15	0
4543	0	15
3331	0	15
7999	1	15
21	0	0
916	0	0
4683	0	15
7763	15	15
5634	0	3
587	0	0
4131	0	15
7291	12	13
855	0	0
1127	0	15
6815	0	15
1019	9	15
3352	15	0
1474	13	14
2750	3	10
7560	11	15
78	0	0
1235	0	15
162	0	0
691	0	0
3129	15	15
3643	0	0
6879	0	0
2705	10	10
2447	4	1
2942	13	9
5840	0	0
6433	0	0
4484	0	15
3086	0	3
359	0	0
2491	13	3
548	0	0
5910	0	0
6278	1	15
837	0	0
4929	0	15
1520	14	12
3900	0	12
1317	0	2
4019	0	15
3087	4	0
6805	0	15
2427	4	12
5311	0	15
4161	0	15
6615	9	15
6609	0	15
3521	15	0
4329	0	15
876	0	0
4362	0	15
7244	0	3
2742	11	13
1698	0	3
159	0	0
7349	0	0
4603	0	15
6789	2	15
3905	0	3
7872	0	15
163	0	0
2622	12	7
2060	10	0
5733	0	0
314	0	0
6148	0	0
1719	14	14
264	0	0
6720	1	15
5564	12	13
5003	9	0
7157	0	0
949	0	0
5458	1	15
6728	0	15
5826	0	15
4415	0	15
1237	10	0
7110	0	15
3890	0	0
5857	0	0
7134	13	15
2597	3	8
986	0	0
2296	4	4
5383	0	0
6638	0	15
4104	0	15
1531	0	15
3081	15	0
53	0	0
5607	0	15
1208	13	15
7889	0	15
2567	5	13
1964	13	15
902	0	0
6657	0	15
7700	0	15
1640	0	1
1130	15	15
7520	11	0
845	0	0
6397	0	15
34	0	0
4589	0	15
267	0	0
5989	10	0
4158	0	15
5509	14	13
1428	0	15
7925	0	0
4595	0	15
586	0	0
5252	0	0
4280	0	15
2798	8	12
476	0	0
5757	0	15
7192	14	13
4605	0	15
742	0	0
2085	8	7
4368	0	15
4803	0	15
6412	0	0
4529	0	15
891	0	0
7663	3	0
7556	15	15
1083	11	15
5092	0	15
738	0	0
544	0	0
7286	15	15
4338	0	15
5363	9	15
6854	0	15
4216	0	15
3922	0	0
2330	15	15
4728	0	15
690	0	0
3079	0	0
7274	0	1
4677	0	15
2307	15	0
391	0	0
4206	0	15
5833	0	15
606	0	0
1287	0	15
5346	0	15
2236	0	1
1526	0	1
72	0	0
1199	0	1
3952	15	0
7661	0	0
6304	1	15
6535	0	15
1543	5	0
3292	14	13
1582	0	15
5688	0	15
5887	0	15
5156	0	3
5037	0	0
5712	0	15
4637	0	15
4192	0	15
1316	0	3
1241	0	15
1051	0	2
1093	0	0
7264	14	13
4390	0	15
861	0	0
6184	0	15
1174	0	0
5273	12	15
2417	8	9
5988	0	14
3130	0	15
5336	0	0
1337	0	2
2784	15	5
2050	1	0
3371	15	0
5871	0	15
1766	13	13
2089	13	4
695	0	0
85	0	0
2161	15	15
484	0	0
3042	0	0
6277	0	15
2040	8	4
2799	10	8
4042	0	15
7466	0	12
1580	0	15
1920	12	15
393	0	0
822	0	0
2024	14	6
7596	0	3
4111	0	15
7173	0	15
6888	0	15
1599	0	0
2445	0	3
5785	0	1
3289	0	1
7692	13	14
4189	0	15
1764	13	14
7993	0	15
3131	0	1
104	0	0
5139	0	15
6901	0	0
3875	0	3
3625	0	15
2489	15	10
4772	0	15
5920	0	15
2685	15	8
6399	0	15
2072	2	5
4425	0	15
2637	15	1
1414	0	0
1707	0	15
420	0	0
5726	10	0
5959	0	0
2312	7	8
2362	15	8
6243	0	15
3076	1	15
1856	0	15
5933	0	6
5423	13	12
5287	15	0
6577	0	15
1888	4	0
1491	14	14
4217	0	15
3127	15	0
850	0	0
1830	0	15
4252	0	15
403	0	0
1865	0	14
452	0	0
150	0	0
5772	13	12
5968	0	15
1987	15	0
1224	0	0
2983	15	2
3977	0	15
1765	0	8
2703	0	7
416	0	0
4690	0	15
5747	0	1
7505	0	0
3764	15	0
4866	0	15
2726	15	9
4274	0	15
6735	0	0
6877	0	15
1689	0	15
5532	0	15
7119	15	0
5291	0	4
4145	0	15
6547	0	15
6719	0	15
3623	0	15
4354	0	15
3579	15	0
5081	0	15
353	0	0
6007	0	15
2825	6	2
7331	0	0
2376	9	0
4623	0	15
212	0	0
3108	0	15
2501	15	0
6306	0	15
1819	12	0
7159	15	15
6619	0	15
3184	15	0
2325	3	3
7484	0	0
4851	0	15
7198	0	15
1471	11	0
5401	15	15
5329	2	9
7224	4	0
3500	0	15
2130	4	4
686	0	0
3360	0	15
3036	0	15
1944	0	15
5948	0	15
5076	0	0
7112	0	15
6431	0	15
6628	0	15
771	0	0
1360	2	0
1566	15	14
6832	0	15
7284	0	15
5101	0	0
7749	0	12
5762	0	0
1220	0	15
6567	1	15
789	0	0
1816	0	0
1128	15	15
5247	0	1
1632	0	2
7793	0	4
2802	10	0
6537	0	15
2601	13	11
174	0	0
3990	11	0
3822	13	14
3170	0	15
4077	0	15
5543	0	0
913	0	0
2305	11	15
189	0	0
6464	0	15
6222	0	15
900	0	0
5647	0	3
6834	0	15
2897	0	1
6410	1	15
3721	0	0
1956	1	15
6135	0	0
7761	0	2
4420	0	15
970	0	0
3588	0	0
2678	4	10
2347	15	3
1602	9	0
4819	0	15
1833	0	15
6866	0	0
3795	0	3
2252	0	6
3257	0	3
482	0	0
7960	15	0
729	0	0
4397	0	15
7121	0	15
1996	0	1
7441	0	0
6803	0	15
780	0	0
7757	14	13
2954	8	14
5911	15	15
462	0	0
2395	5	4
5143	13	12
4113	0	15
2922	11	10
6390	0	15
883	0	0
3584	0	15
2506	15	7
3369	15	13
4542	0	15
7613	15	0
6698	0	15
7434	0	15
4470	0	15
2385	15	15
5001	0	15
5113	0	3
1563	0	0
4095	0	15
5888	8	0
6474	0	0
1493	15	0
6675	0	15
7695	0	3
4022	0	15
7401	0	15
404	0	0
2495	11	2
4947	0	15
3138	0	15
4483	0	15
5332	0	0
990	0	0
3174	13	0
3491	0	4
4318	0	15
499	0	0
1871	0	0
6000	0	0
1238	0	15
5417	15	0
3522	10	15
6005	0	15
741	0	0
7790	15	15
3311	0	15
7497	0	15
926	0	0
4998	0	15
331	0	0
2487	11	8
40	0	0
7566	0	15
1581	0	15
6418	0	15
6169	1	15
3980	11	15
3551	12	11
7971	0	15
7636	11	0
5729	0	15
3234	0	0
5504	0	0
1895	0	15
3020	0	15
5838	0	15
7076	12	11
4402	0	15
7279	0	15
1505	10	15
4491	0	15
6982	1	15
616	0	0
6744	0	15
4047	0	15
6178	0	0
2857	15	0
2175	9	6
5970	9	15
6419	0	15
5891	0	0
3166	14	11
7462	0	15
2269	0	8
4027	0	15
1688	0	0
7322	0	0
3177	3	0
6151	0	0
5502	0	0
5773	15	15
7976	0	15
4967	0	15
975	0	0
2370	1	0
7305	0	0
4448	0	15
634	0	0
5150	0	15
3423	15	0
6804	0	15
5872	14	14
3109	0	12
6030	0	15
5114	13	13
739	0	0
4833	0	15
2033	13	7
2911	15	6
6948	0	0
6996	0	15
7361	0	15
1475	11	15
7825	0	11
2218	5	0
4365	0	15
225	0	0
510	0	0
7713	0	15
7871	0	0
3707	0	0
1926	0	15
7830	1	15
7770	0	15
6775	0	15
6844	0	0
6147	0	15
5908	0	15
2240	3	13
1155	0	0
2413	2	14
222	0	0
1016	15	15
4492	0	15
758	0	0
1840	10	15
6887	0	15
7920	8	0
5984	11	15
3648	0	15
3431	10	15
4250	0	15
2331	0	13
1985	14	13
2545	14	10
3246	0	15
5593	0	0
1048	0	15
4861	0	15
7586	0	15
5674	0	0
3647	0	15
1184	0	15
3816	0	14
7542	9	0
736	0	0
3388	0	15
3501	12	15
852	0	0
4525	0	15
5192	0	3
4646	0	15
4046	0	15
6563	0	0
6686	0	15
2935	9	0
2535	8	5
1275	10	15
7768	0	15
2160	13	15
2518	5	15
7263	0	0
6123	0	0
5309	0	15
118	0	0
3530	0	15
1977	0	15
3101	15	15
4880	0	15
7296	0	15
7666	15	13
2389	13	4
1880	0	15
5432	0	15
4291	0	15
4289	0	15
428	0	0
3802	0	15
6117	0	15
1773	0	1
5919	0	15
2180	0	12
3364	0	0
7272	0	15
4674	0	15
1322	0	15
3315	0	15
3173	0	0
2306	9	8
3418	13	14
3212	0	15
1215	0	15
994	0	0
2578	7	14
6999	0	15
3247	0	15
6550	0	0
3299	0	15
2504	6	15
2618	3	9
3745	0	0
5591	1	15
1430	10	0
3235	0	15
6612	0	15
7508	15	0
1186	0	3
7558	11	15
6590	0	15
3051	0	0
3672	0	3
3045	0	15
7648	0	0
3914	0	0
2930	15	10
6106	0	0
7852	0	13
7179	15	0
3910	0	15
6851	0	0
6633	0	0
608	0	0
3356	14	1
4958	0	15
4825	0	15
2157	10	3
7225	10	15
4070	0	15
4966	0	15
2055	4	10
6957	0	15
4584	0	15
2620	2	3
2393	15	13
3638	15	0
2481	3	11
535	0	0
964	0	0
5897	0	15
6115	0	15
1404	0	15
263	0	0
7574	0	15
1702	0	2
1943	0	15
5985	1	15
1594	0	15
797	0	0
2278	10	11
5704	0	0
7745	0	13
1932	0	15
5765	0	15
4786	0	15
7754	0	0
5096	4	0
148	0	0
3502	1	15
4190	0	15
5523	11	0
3791	6	0
7969	1	15
4056	0	15
4727	0	15
5406	15	0
5353	0	2
1768	0	15
2658	15	0
2369	8	13
7165	0	2
1340	0	1
5764	14	12
7937	0	1
2722	15	15
6210	0	15
7483	15	0
3468	1	15
4088	0	15
3237	0	0
5691	0	15
7414	0	15
5274	0	15
6836	0	15
958	0	0
3329	0	15
3697	0	15
5780	0	15
3095	12	11
6163	0	15
755	0	0
348	0	0
2965	10	4
6426	9	15
5080	15	0
2830	2	4
2815	7	15
2213	15	10
1802	0	15
1196	0	15
3032	0	0
2955	11	0
628	0	0
3176	15	0
6694	0	15
3518	0	15
41	0	0
2087	11	0
5090	15	15
5306	0	14
1067	14	14
4773	0	15
6493	0	0
3033	2	15
1328	13	11
6732	1	15
2540	5	15
1509	12	0
665	0	0
5109	0	15
2255	6	2
6908	0	0
4527	0	15
7579	0	15
2862	8	15
1311	15	0
5348	0	0
384	0	0
6266	0	15
5103	4	0
30	0	0
7024	0	14
3187	0	15
6366	0	0
4132	0	15
7644	0	15
7117	0	0
6095	1	15
3392	0	15
5683	0	0
88	0	0
2227	7	0
7623	14	14
2409	7	3
7615	0	15
4684	0	15
3695	15	15
6864	0	15
7759	0	15
885	0	0
3319	0	13
6345	0	15
4925	0	15
5850	0	0
4066	0	15
773	0	0
6981	8	15
1386	14	13
7137	0	15
4942	0	15
1138	0	0
1954	12	13
4330	0	15
2831	0	15
4826	0	15
783	0	0
7232	0	0
5388	5	0
6202	10	15
3534	5	0
2001	13	3
328	0	0
3606	12	15
2762	8	6
2834	9	11
6884	0	0
6774	1	15
3437	0	15
7102	15	15
6353	0	15
7535	0	2
7041	0	15
3723	0	15
4628	0	15
7721	0	0
726	0	0
66	0	0
4894	0	15
4335	0	15
6914	0	15
4898	0	15
4090	0	15
7565	1	15
7784	0	15
3374	0	0
318	0	0
7914	13	13
4036	0	15
4328	0	15
7107	0	0
2644	0	12
7518	13	12
5100	13	14
4554	0	15
7122	15	0
7055	0	15
4765	0	15
4426	0	15
7155	10	15
7207	0	1
5479	3	0
4531	0	15
875	0	0
5699	0	15
2797	0	13
6388	0	15
1506	13	14
6912	1	15
5135	0	1
7311	0	0
6977	0	0
4118	0	15
6669	0	0
5328	0	2
1129	9	0
4837	0	15
655	0	0
7855	12	15
7464	0	0
42	0	0
3918	0	4
4909	0	15
6392	0	15
1305	0	15
4089	0	15
2638	4	4
528	0	0
6477	1	15
473	0	0
2777	11	15
7495	3	0
763	0	0
29	0	0
1973	0	15
6486	0	0
6191	0	15
5714	0	15
3868	0	15
7214	1	15
7958	0	4
2207	10	11
2181	10	15
5351	12	15
6396	0	15
1923	12	13
4378	0	15
4105	0	15
1535	0	13
5604	15	15
550	0	0
4421	0	15
1423	15	0
7449	4	0
4344	0	15
4926	0	15
5912	11	15
1523	0	15
7019	0	2
6492	1	15
1911	0	15
2554	3	8
2049	15	8
7822	0	4
5488	14	13
3775	0	0
119	0	0
5182	0	15
7853	15	0
1536	11	0
7463	0	15
5649	0	15
3894	0	3
4110	0	15
6501	0	15
4165	0	15
209	0	0
7092	11	15
2674	7	2
3859	0	1
2242	11	4
778	0	0
782	0	0
4863	0	15
3646	0	15
4385	0	15
7707	15	15
6722	0	15
7806	0	15
3110	8	0
2291	0	12
3317	0	15
4687	0	15
2629	0	0
141	0	0
1339	15	1
1951	0	15
1549	0	15
4859	0	15
3144	15	15
4464	0	15
3992	0	12
5316	0	1
2728	4	14
5677	13	14
2002	5	15
1643	0	15
6995	0	15
5659	0	2
6391	0	15
3657	12	0
3726	0	3
7309	0	15
6651	0	15
1388	0	0
4129	0	15
2196	4	10
1693	12	12
2214	11	13
920	0	0
522	0	0
6958	0	15
5727	0	0
1256	15	4
6281	0	15
7667	0	15
2561	2	3
1757	0	3
5016	13	12
1049	15	0
1767	0	0
6150	1	15
437	0	0
398	0	0
1124	14	12
7	0	0
3202	0	11
7170	0	0
2769	7	10
1560	15	0
4743	0	15
1335	14	13
5234	12	13
1373	0	3
1674	0	0
2438	3	11
7293	0	0
7046	0	15
4317	0	15
7011	15	0
4806	0	15
6662	0	15
3450	0	15
2517	6	0
7448	0	1
2222	14	8
7136	0	4
282	0	0
3825	0	15
3800	1	0
5962	10	15
5735	0	15
4012	0	15
4063	0	15
3735	0	0
5347	0	3
7123	0	3
3497	0	12
3882	0	15
3688	0	1
3309	7	15
3591	0	15
1027	3	0
6340	0	0
5167	14	15
2714	8	9
5404	0	2
4511	0	15
5225	0	3
5608	0	0
1165	0	0
6231	0	15
6438	1	15
5048	15	11
4766	0	15
5098	0	0
1570	0	0
6280	0	15
7851	10	0
6460	0	15
637	0	0
347	0	0
4769	0	15
2344	15	6
301	0	0
4522	0	15
1695	0	15
6332	0	15
2573	2	3
6416	0	0
1160	0	1
5181	0	0
4710	0	15
4180	0	15
147	0	0
472	0	0
6988	0	15
5615	0	15
4777	0	15
6945	0	15
7039	0	15
7785	0	15
232	0	0
3526	15	0
6869	0	15
1810	0	15
5725	0	15
1014	1	15
2610	7	14
7332	0	0
7846	0	0
2570	9	15
187	0	0
5687	15	0
3907	9	0
2936	15	7
2275	4	10
5365	0	4
4392	0	15
6757	0	0
1137	0	15
7992	0	15
506	0	0
6004	0	15
1323	12	15
4376	0	15
2963	0	12
2944	15	8
7292	0	15
1084	0	1
2683	12	0
447	0	0
5285	8	15
1826	0	0
7381	0	15
2827	4	9
798	0	0
3654	0	3
2826	13	0
1690	0	15
6253	1	15
3004	0	15
1458	0	13
5473	0	15
2254	5	10
6928	0	0
2926	13	11
2324	11	2
4730	0	15
6808	0	15
6428	1	15
5277	0	0
4507	0	15
931	0	0
3271	7	0
6622	0	15
1076	0	15
7882	0	0
7931	0	0
5636	0	15
4657	0	15
1362	0	3
651	0	0
3972	0	0
6103	0	0
5758	0	15
5396	0	0
5594	15	0
1671	0	15
5189	0	13
125	0	0
1812	0	3
6288	0	15
4939	0	15
6364	0	15
76	0	0
6049	1	15
3366	0	0
4230	0	15
7268	0	15
306	0	0
7316	5	0
1054	12	11
3395	0	15
3509	0	15
4715	0	15
5456	14	14
5430	0	15
711	0	0
6273	0	15
922	0	0
5115	11	0
500	0	0
3946	0	15
2938	14	0
5939	0	15
3206	0	15
201	0	0
371	0	0
7682	15	14
7555	15	0
3178	15	0
3878	0	15
5222	0	0
5069	10	0
7563	0	1
4307	0	15
1739	0	0
2547	4	9
4194	0	15
7708	12	15
6967	0	15
1633	0	0
1192	13	12
6221	0	0
2259	15	6
1425	12	14
3532	0	0
1683	0	0
6602	0	15
4656	0	15
3506	0	15
149	0	0
7442	0	1
7635	0	15
4517	0	15
3701	0	15
3406	0	0
5044	0	2
1486	11	15
5204	0	1
5454	12	0
28	0	0
542	0	0
2852	2	2
5212	0	15
6715	0	15
5792	11	0
2167	7	11
7410	0	12
6631	0	15
3482	0	15
3559	0	0
6093	0	15
2585	0	8
5075	0	15
1868	0	0
5394	0	15
3183	0	15
312	0	0
62	0	0
2810	10	0
7077	0	15
3763	0	0
5372	15	8
2593	5	14
1018	0	15
1487	0	15
4032	0	15
7723	0	2
6923	0	15
7499	0	15
1889	0	0
1350	3	10
1544	12	14
2399	5	6
2453	4	0
2589	0	15
7592	0	15
3405	0	15
3353	0	0
6116	0	15
6897	1	15
2368	7	15
3513	0	15
1296	0	1
6188	0	15
2828	7	10
605	0	0
5863	0	15
3728	0	0
1900	0	0
5407	0	15
4911	0	15
7800	0	15
1180	0	15
7511	1	15
4315	0	15
5990	0	0
7496	13	8
579	0	0
3929	1	15
7393	1	15
615	0	0
3052	0	3
7405	14	15
5865	0	12
3779	0	15
4417	0	15
844	0	0
7643	14	13
4992	0	15
7702	0	15
1136	0	0
4829	0	15
3390	0	0
1108	13	12
7238	11	15
3160	15	0
1461	0	2
5787	15	0
7340	0	15
4871	0	15
2724	15	13
5054	14	15
5087	0	15
4625	0	15
145	0	0
360	0	0
6177	0	15
3781	0	15
6769	0	15
188	0	0
5402	0	13
152	0	0
6079	0	0
1975	14	13
5108	0	0
1263	14	12
4709	0	15
3989	0	12
7762	2	0
1216	5	0
3729	0	15
7868	14	14
7308	0	0
380	0	0
3904	10	15
2655	11	1
4682	0	15
1731	14	11
2913	12	3
6575	1	15
3783	0	15
2492	15	6
6837	0	0
2007	2	0
5129	0	0
6791	0	15
4501	0	15
1725	0	3
520	0	0
7275	10	15
5769	0	14
2113	0	9
4601	0	15
1938	0	3
6061	1	15
6413	0	0
1838	8	0
5498	0	15
97	0	0
2187	0	0
3239	0	0
2026	3	0
7180	3	0
3512	0	0
6354	0	0
4788	0	15
1183	0	15
526	0	0
4995	0	15
5191	0	15
4353	0	15
7659	9	15
86	0	0
7050	0	15
5994	0	0
7598	13	12
6674	0	0
6886	0	15
7391	15	0
2945	3	12
1113	0	13
5796	15	13
7035	0	15
7096	0	15
6386	0	15
703	0	0
4366	0	15
7103	0	0
1604	0	0
284	0	0
2933	3	12
6294	0	15
56	0	0
2537	7	14
2880	2	15
4265	0	15
2611	15	15
5256	13	0
2584	11	15
5095	0	15
5294	0	1
7665	0	14
251	0	0
2991	4	10
2986	6	4
4242	0	15
6765	0	15
7685	0	15
4611	0	15
1115	11	0
6922	0	15
45	0	0
2356	15	8
1131	0	15
2969	0	15
6027	0	0
6265	0	0
1850	0	15
6685	0	0
5964	0	15
497	0	0
25	0	0
4103	0	15
7797	0	1
7191	12	13
6114	0	15
6481	0	0
6972	0	15
4106	0	15
6726	0	15
81	0	0
5289	0	0
7436	0	0
7023	9	0
4791	0	15
1636	0	15
4348	0	15
5284	0	15
4466	0	15
271	0	0
2778	0	1
205	0	0
2727	8	5
7327	0	15
1924	0	13
5716	0	2
1866	0	2
3660	0	0
3516	0	13
5803	0	15
6644	1	15
1548	0	14
948	0	0
700	0	0
5147	0	3
7259	0	15
4287	0	15
1334	0	15
3240	0	0
3576	0	0
4586	0	15
1448	9	15
7167	15	0
5603	15	15
1476	0	0
865	0	0
3092	0	15
2205	11	7
4716	0	15
4472	0	15
5259	0	15
5474	10	15
6038	0	15
6568	0	15
4326	0	15
3978	0	0
7424	0	15
5606	1	15
4610	0	15
4073	0	15
408	0	0
5952	0	15
6395	0	15
6466	0	15
3466	0	0
5422	0	1
1276	0	0
4938	0	15
2143	5	5
6104	0	15
3047	0	15
252	0	0
1649	8	0
6398	0	15
4681	0	15
7570	0	0
2647	15	0
1205	0	15
6984	0	15
6020	0	15
3748	0	15
3954	0	0
6451	0	15
1716	0	15
6506	0	15
937	0	0
2843	15	6
5447	0	15
5717	0	0
4218	0	15
1634	0	0
83	0	0
351	0	0
7447	0	3
7431	10	15
6842	0	15
657	0	0
6852	0	15
2132	3	0
1086	0	15
6250	0	15
5452	0	15
7352	0	15
6309	0	15
1564	0	0
3632	0	0
1952	0	15
7876	12	13
1150	0	15
5766	0	5
2360	15	0
6133	0	15
2543	13	15
6549	0	15
537	0	0
3169	0	15
3477	13	0
4406	0	15
4296	0	15
532	0	0
884	0	0
6553	0	15
3199	0	0
697	0	0
7952	15	15
3088	0	15
7819	0	0
6505	0	0
5267	0	15
3840	5	0
7142	15	0
1187	0	0
6212	0	0
4023	0	15
1686	0	15
7223	0	15
2977	1	15
6338	0	0
3035	15	14
6924	0	15
538	0	0
479	0	0
36	0	0
6713	0	0
6617	0	0
5853	0	15
2063	5	0
4932	0	15
2712	15	15
4030	0	15
1292	13	15
7649	0	15
6626	0	15
3478	0	15
1969	12	14
6136	0	15
4411	0	15
430	0	0
6339	0	0
6663	0	15
6828	0	1
3175	0	0
2194	0	11
6961	0	15
7250	0	15
5883	0	15
6843	0	15
4597	0	15
4123	0	15
5418	14	15
3040	0	0
4303	0	15
1858	14	13
2680	5	6
94	0	0
339	0	0
2091	12	12
4875	0	15
2112	0	12
2277	12	7
5544	0	0
4994	0	15
261	0	0
3892	14	14
5692	14	13
1170	12	12
3666	0	15
4290	0	15
2721	1	15
5823	0	15
6233	0	15
4259	0	15
4886	0	15
2110	5	6
5137	0	15
1822	0	2
5198	0	0
866	0	0
7312	0	15
2408	8	8
279	0	0
1710	0	15
4599	0	15
4051	0	15
3725	0	15
5264	0	2
7070	9	15
6827	0	0
2682	3	0
1200	10	15
3858	0	0
6500	0	15
1288	0	0
7200	0	15
423	0	0
3944	15	15
830	0	0
5205	7	15
7402	0	1
5229	15	0
57	0	0
4856	0	15
7498	0	0
5658	0	15
762	0	0
5965	15	0
5886	0	0
2334	4	4
5788	12	0
6060	0	0
923	0	0
7957	0	15
4162	0	15
947	0	0
5856	0	3
781	0	0
1863	0	15
1282	0	15
4224	0	15
4167	0	15
5248	0	15
6829	0	15
5350	0	2
474	0	0
7160	0	0
1726	0	0
5900	0	15
5017	15	0
1400	13	12
2529	0	11
431	0	0
4340	0	15
3116	9	15
6352	0	15
4489	0	15
7003	12	0
3719	0	15
6882	1	15
2202	0	5
2323	12	8
3805	11	0
2032	15	12
896	0	0
7038	0	15
2875	6	0
2552	8	1
4935	0	15
7367	4	0
93	0	0
5896	14	14
336	0	0
1853	0	0
5012	0	15
1393	14	14
460	0	0
5909	0	11
7162	14	15
4643	0	15
6099	0	15
3673	0	0
1983	0	0
103	0	0
1087	0	15
3536	0	2
6357	0	0
5600	0	15
6127	0	15
2600	6	15
7538	0	0
568	0	0
4648	0	15
3768	0	15
662	0	0
607	0	0
7531	0	15
6670	0	0
927	0	0
4569	0	15
7637	0	15
126	0	0
2371	10	0
2530	0	0
3057	0	0
4748	0	15
5801	11	15
4862	0	15
5753	0	15
1446	0	0
6812	0	15
7568	10	15
6132	0	15
2198	15	15
5701	0	15
2164	0	15
73	0	0
7199	0	14
1978	13	13
1451	13	14
3068	1	15
7206	9	0
5932	0	0
4733	0	15
2311	1	0
5945	0	15
243	0	0
1454	0	14
1762	0	3
7469	0	15
4824	0	15
5847	10	15
1784	0	0
3264	0	15
3475	0	0
3932	0	0
2215	10	2
4551	0	15
6752	0	15
5362	15	0
1831	0	13
734	0	0
1490	0	0
4982	0	15
6814	0	15
3843	0	15
1957	0	15
7479	0	0
6821	0	15
1310	0	15
7521	0	15
5200	0	15
7213	0	15
1515	0	15
7346	0	3
4275	0	15
6071	0	0
2200	8	11
3542	0	4
4850	0	15
7413	0	0
1883	0	0
1209	11	0
7696	12	12
7384	5	0
6315	0	15
1450	0	5
600	0	0
7444	0	15
720	0	0
7656	15	14
4349	0	15
3113	0	15
2560	4	5
816	0	0
6213	0	15
3147	12	13
7575	9	0
3611	0	15
7183	14	14
1142	0	15
5598	0	0
6334	0	15
6490	0	15
5617	3	0
3677	0	15
2146	10	11
6145	0	0
2365	10	4
7266	10	15
1101	15	0
752	0	0
2853	8	0
5237	0	15
2342	8	9
7739	15	15
3893	15	14
2183	0	11
2788	8	15
4001	0	15
4721	0	15
5269	0	15
5589	0	15
1434	12	12
3971	0	15
6314	0	0
6241	0	15
1629	1	15
5797	0	15
2211	9	8
5844	1	15
3073	0	15
6951	0	15
286	0	0
2332	4	10
6239	0	0
5342	13	12
4954	0	15
4900	0	15
7491	8	0
2739	0	4
2496	0	0
6502	0	15
5163	0	15
1193	13	12
4790	0	15
4508	0	15
985	0	0
577	0	0
6230	0	15
5175	15	15
7703	0	15
1313	11	15
5246	0	0
414	0	0
5035	0	0
2844	11	0
7673	0	2
7430	0	0
1213	15	0
2246	12	0
7733	15	0
6440	1	15
6381	1	15
4017	0	15
6430	0	0
6274	0	15
7455	0	3
6487	0	15
3765	0	0
1959	0	15
1500	0	15
2604	12	15
4403	0	15
3991	9	0
2910	8	11
3708	11	0
3001	0	0
6153	0	0
3486	4	0
3928	15	0
3600	0	0
7473	13	12
2642	0	9
3115	0	15
6176	0	15
4973	0	15
774	0	0
2153	4	15
4552	0	15
6811	0	1
3788	0	15
5943	0	0
1694	0	15
5217	0	15
4442	0	15
3586	12	15
4208	0	15
3242	0	2
3471	0	12
2677	13	1
2479	9	12
7577	0	3
7355	0	0
796	0	0
4689	0	15
1976	15	14
6165	0	0
6121	0	15
3000	0	15
7320	0	0
3656	12	0
4854	0	15
3044	14	11
5300	12	14
2909	3	6
3106	10	15
858	0	0
5164	0	15
678	0	0
2460	7	14
7091	13	12
4028	0	15
2429	12	8
6272	0	15
4989	0	15
1307	5	0
2314	8	9
6929	0	0
13	0	0
1114	13	13
6777	0	15
901	0	0
7895	0	0
5697	0	15
5451	0	0
4922	0	15
679	0	0
6772	0	15
3275	15	8
1790	0	15
5105	0	0
3593	0	2
27	0	0
7842	9	15
1653	0	1
909	0	0
777	0	0
335	0	0
308	0	0
2076	0	0
6323	0	15
1361	0	15
7801	0	12
321	0	0
1641	3	0
4816	0	15
92	0	0
955	0	0
6987	0	15
3560	10	15
7845	0	15
7744	0	15
5124	13	15
6771	0	0
541	0	0
4033	0	15
2384	15	7
7380	0	15
6070	0	0
2478	5	9
1157	0	0
1999	0	3
6328	0	0
5917	0	0
6904	0	15
7435	11	0
2534	12	6
239	0	0
5472	0	15
5861	8	0
5778	13	12
5619	10	15
4930	0	15
7144	0	1
6036	1	15
4155	0	15
6656	0	15
3155	0	2
3870	10	0
6645	0	15
3722	0	0
4908	0	15
1299	1	15
221	0	0
2234	3	14
818	0	0
5020	0	15
5130	15	0
4452	0	15
1552	0	15
1886	3	0
4126	0	15
3827	0	15
6290	0	15
4627	0	15
5221	11	15
7242	0	3
1134	0	0
7738	14	14
5251	0	0
5021	0	15
1354	11	13
6141	0	15
7988	11	15
594	0	0
6883	1	15
193	0	0
2660	14	10
3558	0	15
905	0	0
6387	0	1
5241	0	3
191	0	0
2871	6	0
4547	0	15
4632	0	15
3387	0	15
3026	0	3
3078	0	1
2747	10	5
5061	0	0
6806	0	15
2238	10	0
6637	0	15
6604	0	15
355	0	0
5415	10	0
4600	0	15
595	0	0
7481	12	13
1614	0	15
7005	12	12
6032	0	0
5082	0	0
1524	11	0
7965	0	0
6452	0	0
1744	0	3
5014	0	15
3988	0	15
4455	0	15
6320	0	0
7893	0	15
3923	0	0
441	0	0
6157	0	0
7282	0	0
1654	0	0
1783	0	15
1697	0	15
5040	0	0
3314	0	15
3163	0	0
6513	0	15
7493	0	15
280	0	0
5344	3	0
3544	0	15
7426	15	7
1746	0	12
3362	15	15
4699	0	15
7794	0	15
444	0	0
1489	0	15
3731	3	11
626	0	0
7720	0	15
3608	0	15
4008	0	15
2109	1	15
4688	0	15
1347	0	0
4695	0	15
2022	15	8
1112	1	7
7101	0	1
5873	12	13
6692	0	0
6949	0	15
4183	0	15
3066	11	15
4188	0	15
3772	0	15
7089	1	15
2716	8	15
1408	0	5
3336	0	2
1733	14	13
6867	0	0
151	0	0
2498	0	11
5975	0	4
1073	0	15
7249	0	15
7164	0	15
4285	0	15
6599	0	15
1748	0	15
6810	1	15
1090	0	0
5034	0	13
1696	0	15
2940	12	12
6731	0	0
5546	0	15
4207	0	15
6737	0	15
311	0	0
3233	0	15
5213	15	0
4971	0	15
3750	0	0
3615	0	1
4821	0	15
3599	0	13
5980	12	15
6011	0	15
6927	0	15
6327	0	0
4367	0	15
6530	0	15
4065	0	15
1080	0	15
4333	0	15
7911	0	15
4109	0	15
1825	0	15
2500	5	7
2068	14	7
2902	4	2
2882	13	7
3628	15	14
471	0	0
3298	0	3
7185	0	15
4026	0	15
7997	0	0
4482	0	15
5206	0	0
5740	13	15
1097	0	0
6533	0	15
7641	4	0
4193	0	15
6936	0	0
3058	0	1
1605	0	15
1611	0	0
2592	0	1
2309	6	15
7772	0	3
2009	4	3
2310	8	0
1111	15	15
7530	0	3
5073	0	15
5986	11	15
4783	0	15
7230	15	0
1792	0	15
4946	0	15
7728	0	0
643	0	0
3976	0	0
6610	0	0
4789	0	15
2052	15	15
715	0	0
5475	13	12
831	0	0
2754	4	4
2684	10	0
1300	0	2
210	0	0
1013	0	0
5366	0	0
7450	0	0
7910	0	15
4744	0	15
3934	7	0
5987	0	1
3164	9	0
1268	14	13
6361	0	15
2355	3	15
4812	0	15
5074	0	0
3357	0	15
2499	14	6
6186	1	15
1399	0	15
836	0	0
197	0	0
6937	0	15
7885	0	15
6979	1	15
1106	0	15
504	0	0
142	0	0
3581	0	0
3879	15	15
2425	6	9
5513	0	0
1169	0	15
4864	0	15
7543	15	0
5355	0	3
6283	0	0
5079	0	15
4429	0	15
6712	0	15
375	0	0
4423	0	15
3895	0	14
1832	0	15
1568	0	0
3062	0	15
466	0	0
3442	0	13
7865	0	15
1279	13	12
7766	11	15
2067	1	14
2779	11	3
4969	0	15
4493	0	15
5374	0	15
4506	0	15
5667	0	15
7021	0	15
5178	0	0
2789	9	10
6861	0	0
6356	0	15
5201	15	0
7525	0	0
7533	11	15
5786	0	15
4918	0	15
3752	0	0
4157	0	15
4443	0	15
4286	0	15
2208	4	14
5554	9	15
5441	0	15
7954	0	15
3789	0	15
3310	0	1
2633	14	5
6504	0	15
552	0	0
7386	0	15
1781	12	15
529	0	0
3301	0	3
4079	0	15
3541	0	12
2693	13	8
4860	0	15
1955	10	15
5352	0	0
3642	15	15
3703	1	15
6892	0	15
4955	0	15
1397	0	3
7026	0	15
6780	0	15
4617	0	15
316	0	0
2837	9	0
1998	9	15
6012	0	0
1052	0	0
938	0	0
1609	13	14
3060	6	8
5567	9	0
3459	0	15
7507	0	3
7151	0	15
7255	11	15
4999	0	15
485	0	0
7205	0	14
401	0	0
1703	0	0
7742	0	15
1779	15	0
7906	0	15
478	0	0
3766	0	0
7916	1	15
3112	11	0
1225	15	0
3171	0	0
4100	0	15
3902	0	15
6613	0	0
4342	0	15
1787	0	15
424	0	0
2824	1	8
5782	0	5
4840	0	15
6358	0	0
357	0	0
5018	0	15
2659	12	15
1540	9	15
5549	12	14
5197	13	11
5650	0	15
7918	0	15
518	0	0
7438	0	15
2129	0	11
1877	0	0
3070	13	12
2423	0	2
2790	13	15
4873	0	15
7726	0	15
3631	0	15
5715	0	1
4438	0	15
889	0	0
22	0	0
4670	0	15
4686	0	15
7294	0	1
4990	0	15
5903	0	12
6581	0	15
5019	0	15
3937	13	12
2037	0	13
4981	0	15
6817	0	15
2733	3	4
491	0	0
4965	0	15
4050	0	15
4444	0	15
6040	0	0
1266	0	0
6491	0	15
5779	14	14
4395	0	15
2450	4	7
6944	0	0
2318	9	9
7862	0	15
467	0	0
2228	14	8
6088	1	15
7177	13	11
2953	0	1
1997	9	15
1755	0	0
2764	0	0
1501	8	15
2351	5	15
2095	7	3
7133	0	0
195	0	0
7513	0	15
2268	15	0
2375	11	15
2014	11	0
488	0	0
1432	0	0
1774	0	15
2390	11	6
5565	0	0
5893	15	0
277	0	0
6658	0	0
3154	11	15
3122	0	15
4384	0	15
4807	0	15
1063	0	1
4867	0	15
5972	0	15
7573	3	0
3278	11	15
5168	15	14
3143	0	4
4187	0	15
1847	12	15
1785	11	15
2710	15	7
3869	0	1
4469	0	15
7310	14	14
1441	13	15
3210	0	15
6608	0	15
183	0	0
4845	0	15
6838	0	0
3378	15	0
5195	0	15
305	0	0
2863	4	10
4210	0	15
7073	0	13
3053	0	0
1318	12	11
7705	0	15
234	0	0
3987	4	0
6569	0	15
3645	9	0
6900	0	15
3103	0	0
7100	0	0
2783	15	9
4855	0	15
1045	0	1
1782	1	0
4811	0	15
559	0	0
6461	0	0
915	0	0
1452	0	15
1088	0	15
5429	0	15
4792	0	15
3799	0	0
2835	11	6
4761	0	15
1736	0	0
7844	10	0
2653	15	8
1541	0	3
3067	0	15
6146	0	0
5818	9	0
4711	0	15
2746	4	6
313	0	0
2892	8	9
4877	0	15
4763	0	15
3125	0	15
2011	11	12
3848	0	15
2432	11	3
3854	0	4
2987	7	11
1218	0	15
7580	15	13
5232	0	0
7082	0	15
4052	0	15
2756	15	11
1096	0	15
1854	1	15
3594	15	15
7752	0	15
3515	14	11
7930	0	15
7372	0	15
7212	0	0
7697	0	0
6778	0	0
5226	0	0
3359	0	13
3463	4	0
7894	0	0
1042	0	15
7664	0	14
968	0	0
6710	0	15
317	0	0
1117	0	15
6704	0	15
7064	0	15
516	0	0
6786	1	15
3720	15	0
5063	0	0
1990	0	15
2107	0	13
227	0	0
5227	0	3
3123	0	15
4428	0	15
5539	0	0
6508	0	15
6023	0	0
1392	0	13
4865	0	15
4125	0	15
3441	0	0
3227	11	15
5324	15	0
1638	15	13
4374	0	15
5732	0	0
4235	0	15
2163	0	10
6659	0	0
5899	0	2
6673	0	15
1406	0	15
6606	0	0
69	0	0
3347	13	12
4176	0	15
3420	0	0
7820	15	3
3433	0	15
1885	0	14
2958	0	0
2239	0	6
2320	5	7
6076	0	15
7928	0	4
7978	0	15
6302	0	15
3861	0	0
1473	0	4
6131	0	15
6992	0	0
4957	0	15
241	0	0
7979	0	15
3668	0	0
4149	0	15
5469	0	15
6052	0	15
7896	0	1
1574	12	12
7938	1	15
1893	0	15
3674	0	0
1271	0	15
1960	0	12
3065	9	15
7694	15	0
3553	15	0
2510	14	2
2822	13	6
2612	10	6
1525	14	13
5722	0	15
6441	0	0
3119	0	0
7461	0	2
2185	2	0
5077	0	0
3218	0	0
809	0	0
5997	4	0
3866	0	0
7366	0	15
2609	2	2
2062	11	4
3943	9	15
7106	0	15
1756	0	15
5620	11	0
988	0	0
7861	0	0
921	0	0
1989	9	0
4034	0	15
1873	0	15
1737	15	15
4645	0	15
2649	4	10
2740	5	10
3094	0	15
6317	1	15
3012	0	5
220	0	0
7403	0	3
5906	0	15
6089	0	15
1056	15	15
2713	15	9
297	0	0
4848	0	15
1254	0	15
1029	12	15
7045	15	15
795	0	0
1817	0	1
7261	0	15
4043	0	15
3118	0	12
5926	0	15
6001	0	1
374	0	0
3999	12	15
3610	15	14
2575	15	2
627	0	0
974	0	0
1100	9	0
1050	0	15
5811	0	0
4680	0	15
3243	0	0
5950	0	1
5358	0	15
6447	0	0
764	0	0
3334	12	13
208	0	0
1159	0	15
4729	0	15
2352	5	6
1510	14	13
3403	0	15
6112	0	0
621	0	0
5946	0	15
5601	0	0
4675	0	15
7966	0	0
6423	0	0
3754	0	0
445	0	0
1344	13	12
551	0	0
7241	0	3
7031	14	12
4964	0	15
4294	0	15
5576	0	2
5033	0	13
6240	0	0
7265	11	15
3574	0	0
7248	0	15
908	0	0
2760	5	10
5376	0	12
345	0	0
3348	0	15
6480	0	0
5055	0	0
4311	0	15
5646	15	0
748	0	0
2704	11	7
5622	0	15
3009	15	0
1447	0	15
6073	0	15
2420	2	1
1902	0	0
7047	0	15
245	0	0
2126	4	10
7374	0	15
4248	0	15
1588	0	15
2523	11	3
6205	0	0
1	0	0
5665	10	0
1519	13	13
5738	0	4
2250	5	8
3408	0	15
813	0	0
5282	0	2
5091	0	3
7722	1	15
3903	0	15
2631	0	3
7247	0	2
1484	0	5
5293	7	0
6993	0	0
2761	8	6
7182	0	15
1252	0	15
7489	0	2
4225	0	15
117	0	0
3488	0	0
5123	0	0
563	0	0
4915	0	15
6259	1	15
3014	0	0
5673	0	15
1032	11	15
4276	0	15
4516	0	15
770	0	0
7313	0	0
6189	0	15
5978	0	5
6489	0	0
1724	13	1
3712	0	0
502	0	0
1666	1	15
1891	2	0
5199	0	15
1103	0	15
1685	11	15
3667	11	15
584	0	0
7415	0	15
7668	12	12
2294	8	6
6709	1	15
1153	0	15
3181	15	0
540	0	0
4441	0	15
4256	0	15
6445	0	15
5642	0	0
6891	0	15
412	0	0
1395	15	15
5480	0	15
5739	0	15
4634	0	15
670	0	0
2661	7	15
5317	0	0
8	0	0
4409	0	15
6781	0	15
7118	0	15
3377	0	2
6	0	0
2135	15	7
6603	0	0
2290	15	7
6172	1	15
2047	3	9
180	0	0
2316	6	9
309	0	0
576	0	0
2718	15	1
4538	0	15
3269	0	15
495	0	0
7143	12	12
7890	4	0
7084	0	15
5104	0	15
6546	9	15
5304	0	15
394	0	0
7474	0	15
3376	13	12
2176	6	11
6541	0	15
5836	0	0
7747	0	15
806	0	0
4178	0	15
3958	0	3
7398	10	15
1483	0	15
7932	0	3
4199	0	15
1950	12	12
434	0	0
2741	12	15
2494	15	3
4268	0	15
575	0	0
3519	0	15
7216	0	0
7383	0	15
1878	0	6
3153	13	14
5841	0	15
6407	0	15
5464	12	14
157	0	0
6439	0	15
1931	0	0
5155	0	12
5146	0	0
7804	0	15
1407	14	15
111	0	0
4815	0	15
5132	0	15
3622	0	0
1642	11	15
1402	15	14
7590	15	0
2144	7	11
4658	0	15
3426	0	15
3489	0	15
609	0	0
6588	0	15
3393	0	15
7161	0	15
120	0	0
6519	0	15
1191	0	15
2541	15	5
6203	0	0
7540	10	15
432	0	0
4775	0	15
6616	0	0
7175	0	15
6614	1	15
7888	15	15
4404	0	15
7188	0	15
4363	0	15
4138	0	15
6350	0	15
2038	10	1
4893	0	15
4321	0	15
4986	0	15
5506	0	0
7325	0	15
4334	0	15
5133	15	15
3043	0	1
1846	0	0
2488	14	10
6764	0	0
3614	12	14
3148	0	15
1613	0	0
6964	0	15
6015	0	15
2421	9	8
16	0	0
6689	0	0
1559	0	1
5210	0	15
3757	10	0
6330	0	15
168	0	0
1550	10	15
6846	0	0
5540	0	15
7095	0	0
3265	0	2
1343	0	15
6021	0	15
4163	0	15
5036	0	0
1608	15	14
7217	11	15
3201	15	14
1039	0	1
5122	0	0
7771	0	0
1967	0	0
6835	0	0
3780	0	15
2020	15	0
1053	0	0
3527	0	15
435	0	0
3758	15	0
7428	0	5
4078	0	15
4556	0	15
6707	0	15
4236	0	15
1682	0	0
6776	0	15
2475	4	2
2381	0	10
6671	0	15
288	0	0
341	0	0
4760	0	15
5551	13	15
3440	0	15
2921	0	5
3261	0	0
4479	0	15
4572	0	15
6470	0	15
2057	0	0
5004	11	0
6632	0	0
4092	0	15
1898	0	0
688	0	0
3013	0	15
4502	0	15
1118	0	15
4598	0	15
853	0	0
4881	0	15
4784	0	15
1194	10	0
7950	0	0
378	0	0
3256	0	12
1488	11	15
24	0	0
810	0	0
6033	0	15
1364	0	3
1727	0	1
2566	15	15
1512	0	14
1413	0	15
1462	0	15
768	0	0
6443	0	0
1309	0	15
6915	0	15
2484	4	7
3038	0	15
5280	11	0
3389	0	2
2699	8	15
418	0	0
4702	0	15
7977	0	15
194	0	0
1892	14	14
2774	3	0
3111	1	15
7809	0	15
454	0	0
2245	2	8
5083	0	0
1958	0	15
578	0	0
323	0	0
233	0	0
6970	0	15
7488	13	14
3786	0	14
3587	10	15
1919	9	0
1091	0	0
7595	12	14
4906	0	15
4498	0	15
5416	0	15
498	0	0
6271	0	0
3969	0	2
4238	0	15
1043	0	0
886	0	0
3427	0	15
7833	0	0
6279	0	0
3710	1	15
3253	0	13
3776	0	12
7587	0	15
3727	15	0
7338	0	15
3114	1	15
2097	0	13
6128	0	0
3573	0	15
2394	12	11
7471	0	1
7081	0	15
4237	0	15
945	0	0
5239	0	0
6756	0	0
5956	0	0
6643	0	15
1396	0	15
7330	0	0
7029	0	0
1383	0	15
5446	0	0
129	0	0
2221	0	5
2303	10	2
2476	9	5
6031	0	15
6902	0	0
7919	9	0
1001	11	15
7262	0	15
7465	0	15
6994	0	15
6144	1	15
6813	0	15
6591	0	15
4956	0	15
3162	0	15
6424	0	0
7329	9	0
5187	14	15
5885	0	0
3833	0	15
4874	0	15
1528	2	15
6740	0	15
1044	0	15
4293	0	15
2927	9	9
5382	15	15
3974	0	15
1971	0	15
5413	0	5
1258	10	15
2083	4	0
2980	15	15
7504	0	15
299	0	0
5333	0	15
6965	1	15
4234	0	15
4814	0	15
178	0	0
3935	0	0
3637	0	15
4195	0	15
3810	0	15
6249	0	15
1499	0	0
5507	15	0
5809	0	15
7758	0	15
7075	0	0
3244	0	0
5921	13	14
1122	0	15
7994	13	12
2059	3	10
4804	0	15
5009	13	15
3167	0	4
746	0	0
5584	0	0
2603	1	7
46	0	0
1009	1	15
1988	0	0
71	0	0
1533	0	0
3496	11	0
7190	0	0
358	0	0
7139	4	0
2723	6	5
5196	11	0
2903	3	15
5653	4	0
6251	0	15
7686	0	12
1092	12	15
3782	0	15
6359	1	15
3139	15	0
2426	11	1
5483	0	4
4467	0	15
5991	0	3
5839	0	0
3926	0	15
3280	0	0
934	0	0
2997	9	5
2550	10	3
237	0	0
7775	0	15
185	0	0
4622	0	15
407	0	0
3213	0	15
3358	0	15
2155	0	7
6910	0	15
415	0	0
4644	0	15
3121	0	14
6246	0	15
6935	0	15
3563	0	15
7981	13	13
1351	0	15
4655	0	15
582	0	0
7333	0	0
4615	0	15
4038	0	15
4945	0	15
6607	0	0
7798	0	15
7228	0	15
5522	0	15
2671	10	10
6164	1	15
2795	3	0
3396	1	0
5094	15	15
6069	0	15
4352	0	15
6187	0	15
3931	9	15
581	0	0
3663	0	0
2614	15	6
3272	0	15
3428	0	15
4361	0	15
433	0	0
2273	10	15
5102	0	0
693	0	0
5266	0	0
438	0	0
7805	0	15
123	0	0
3508	9	15
3383	0	15
5107	0	0
7328	15	15
228	0	0
549	0	0
6708	0	15
3821	0	0
4740	0	15
310	0	0
370	0	0
7088	0	1
422	0	0
802	0	0
7537	0	2
2455	3	6
6554	0	15
6941	0	15
3338	0	0
2264	0	5
2906	0	10
2201	7	5
2260	5	0
4136	0	15
1705	0	15
6201	1	15
2013	11	4
3030	0	15
7069	10	0
812	0	0
6759	0	0
3915	0	3
2031	0	2
1494	15	0
291	0	0
7171	0	15
7638	13	12
1579	0	0
5587	0	15
567	0	0
3636	14	14
3295	0	0
980	0	0
2794	12	2
3449	0	15
3027	10	15
249	0	0
7877	0	15
6499	0	15
6297	0	1
3913	8	0
3402	0	15
7480	0	15
4112	0	15
5244	0	1
7034	0	15
2948	15	0
2169	10	3
6688	0	0
6750	0	15
448	0	0
2941	5	9
5662	12	13
1021	0	15
1250	4	0
2581	4	0
557	0	0
4948	0	15
366	0	0
2599	7	0
6425	0	0
7009	9	15
2976	8	5
5541	15	14
4122	0	15
3830	15	0
7802	0	15
6960	0	15
4526	0	15
5707	15	0
140	0	0
4751	0	15
369	0	0
1416	15	15
2675	15	15
4260	0	15
4343	0	15
4796	0	15
1022	0	15
2442	15	13
1496	15	0
6819	0	15
3446	0	15
3435	0	3
3924	0	3
2003	8	0
128	0	0
3071	5	0
829	0	0
756	0	0
2952	15	0
23	0	0
7211	0	15
2258	3	11
6083	2	15
2081	6	1
4934	0	15
5152	1	15
7838	0	0
3407	0	0
2064	0	13
2665	4	11
4091	0	15
2527	0	3
6194	0	15
5386	13	14
3361	15	15
4370	0	15
7440	0	11
1555	10	0
1904	0	0
3883	0	15
1107	12	12
1591	0	3
3747	0	15
932	0	0
202	0	0
7093	0	15
3215	10	0
3863	0	15
2189	14	10
5870	0	15
3887	0	0
3959	0	2
292	0	0
1771	0	0
7108	0	3
1713	13	15
4435	0	15
914	0	0
5806	0	15
60	0	0
5312	0	15
6275	0	0
247	0	0
7536	11	0
1261	0	15
3651	15	0
4970	0	15
4144	0	15
1565	0	15
322	0	0
2881	14	10
1031	12	12
1648	13	12
4887	0	15
427	0	0
6401	0	15
7546	0	1
4456	0	15
3578	0	13
3909	0	15
4581	0	15
562	0	0
2411	12	11
5370	12	12
3211	11	0
6200	0	0
7090	0	15
3472	14	11
1158	0	15
1431	0	1
3755	9	15
5562	0	15
3204	15	13
556	0	0
5663	0	0
7517	0	15
5672	0	15
5881	0	12
4968	0	15
3145	15	0
7765	0	15
4842	0	15
3229	1	15
740	0	0
2813	11	9
997	0	0
3525	15	0
4133	0	15
3552	11	15
5934	0	4
1595	0	15
303	0	0
3290	9	0
6227	0	15
2480	0	15
3096	0	0
3684	0	15
7907	0	12
2869	14	14
2687	1	10
2114	9	14
7996	13	12
1814	0	0
4273	0	15
1979	14	13
583	0	0
3753	0	15
5526	0	15
508	0	0
7382	10	0
6016	0	0
6976	0	15
7297	12	15
6047	0	0
5327	13	12
4518	0	15
5925	0	15
6962	1	15
1627	0	15
1554	0	15
4115	0	15
4810	0	15
6207	0	0
7881	0	0
6751	0	15
7197	0	15
5442	0	2
2864	12	0
5703	2	0
1376	0	15
3556	4	0
6863	0	15
5820	11	15
1172	0	0
7625	0	15
5185	10	4
820	0	0
6257	0	0
6469	0	15
683	0	0
7295	0	0
116	0	0
3458	0	15
55	0	0
3762	0	15
2219	7	10
7335	0	15
5349	0	0
685	0	0
352	0	0
6375	0	15
2139	15	7
2571	15	0
1290	0	0
1933	0	15
3794	0	15
903	0	0
1161	15	0
3481	15	15
3860	12	12
4416	0	15
7678	0	4
2349	11	7
490	0	0
539	0	0
1210	0	2
4724	0	15
6120	0	15
4049	0	15
2284	1	11
5462	0	0
3398	0	0
5884	0	3
5436	0	0
5261	0	15
6125	0	0
7257	0	0
4494	0	15
6978	0	15
6312	0	15
1808	0	15
3456	0	15
4901	0	15
7612	0	15
4797	0	15
2232	4	14
1860	0	15
4021	0	15
2387	13	0
5657	15	0
2832	8	8
3413	12	0
6580	0	0
5151	4	0
3966	0	15
2428	15	0
5215	10	15
1623	0	0
7760	0	15
7477	15	0
5062	10	15
3499	9	0
7973	0	0
564	0	0
3570	0	1
3339	0	15
1444	12	15
7883	0	0
7699	14	13
1470	15	0
2985	3	9
3655	15	15
5337	3	0
7388	15	9
7600	15	0
653	0	0
993	0	0
2136	6	0
3675	0	15
1890	0	15
5862	0	15
3844	0	15
5724	0	15
2111	11	6
1676	15	6
3806	0	4
6990	0	0
5378	0	15
1195	0	15
1435	0	15
5485	11	15
6534	0	15
5843	0	15
35	0	0
2178	15	0
7516	0	0
3430	0	15
2073	10	8
4139	0	15
4413	0	15
3186	0	0
2579	6	0
61	0	0
2128	8	11
4650	0	15
3801	0	15
2939	11	15
2061	15	3
3965	0	2
1203	0	12
4663	0	15
3191	0	15
6561	1	15
547	0	0
6209	0	15
3161	15	13
258	0	0
1879	0	15
3034	0	15
5057	0	15
3091	0	13
890	0	0
3564	0	1
6705	0	0
5577	0	15
6415	0	0
5067	0	2
1281	0	5
1504	0	0
2838	1	8
5685	0	15
2608	6	1
2223	8	11
5858	0	15
4010	0	15
2266	0	15
7810	0	15
6634	0	15
6794	0	0
3960	0	15
1596	0	4
6435	0	15
4200	0	15
5224	0	15
3231	13	12
3238	0	15
3002	0	0
6968	1	15
5006	0	15
7671	0	0
7550	0	12
6953	0	0
1071	0	15
2386	10	0
620	0	0
7734	12	12
7964	4	0
1272	0	15
2184	11	0
4220	0	15
5373	0	15
1681	0	15
1222	0	15
930	0	0
2865	7	15
5695	0	0
3266	4	0
1467	0	0
4984	0	15
5334	0	15
3039	15	0
5973	0	15
1424	0	15
1297	0	15
6245	0	15
2876	11	0
5140	9	15
6532	0	15
7740	11	9
6142	1	15
4734	0	15
3137	9	0
6080	0	15
3877	0	5
6896	0	15
7285	0	0
7174	0	15
4232	0	15
2357	11	5
2538	9	12
2861	0	8
3333	4	15
2859	1	1
7146	0	0
6741	0	0
4003	0	15
6526	0	0
3864	3	0
631	0	0
4564	0	15
3008	0	15
6383	0	0
5015	0	15
377	0	0
7646	0	15
3363	15	0
4355	0	15
6400	0	15
1521	0	0
4381	0	15
2572	12	5
7321	0	15
3826	0	15
7354	15	0
3346	0	15
2382	15	11
7984	11	0
3165	13	15
1308	0	0
5971	0	0
5377	0	0
4822	0	15
362	0	0
1583	0	1
6301	0	15
2849	6	11
4369	0	15
6494	0	15
6347	0	15
7233	0	2
6824	1	15
5878	0	15
4087	0	15
5134	0	0
983	0	0
155	0	0
4182	0	15
4213	0	15
4703	0	15
6403	0	15
1709	3	0
4853	0	15
5128	0	15
4762	0	15
7353	0	15
5660	0	15
6679	0	0
1897	0	0
4917	0	15
3613	0	0
6893	1	15
4630	0	15
6346	0	15
5960	0	15
6521	0	15
5505	15	0
1775	0	15
4754	0	15
1537	14	13
1625	0	15
3925	0	15
4478	0	15
6041	0	0
2436	3	0
2836	1	15
206	0	0
623	0	0
1507	15	0
6649	0	15
5790	0	0
3665	2	0
1884	0	15
133	0	0
381	0	0
3335	0	15
5116	0	0
1144	0	15
3483	0	15
675	0	0
4723	0	15
1925	15	0
7856	0	15
2319	15	0
7621	0	3
6666	0	15
2959	0	3
1991	0	0
7368	0	0
7407	15	14
6173	0	15
6149	0	15
4134	0	15
2229	8	4
1403	0	13
6579	0	0
3276	13	12
5798	0	0
7344	0	0
5440	0	15
3941	13	0
429	0	0
1791	0	15
63	0	0
3967	0	15
4400	0	15
7299	11	15
248	0	0
7423	15	0
4476	0	15
450	0	0
4679	0	15
6932	0	0
648	0	0
753	0	0
2960	15	5
1270	9	0
5520	0	0
3706	0	0
7941	0	0
1262	0	14
7032	14	12
3255	0	15
6903	0	15
2667	8	14
405	0	0
7679	0	15
1295	0	2
171	0	0
6074	8	15
3391	0	15
6618	0	15
3031	1	15
7653	0	15
7357	0	15
6042	0	0
7998	13	15
3793	0	2
7773	0	15
4239	0	15
1356	0	0
6907	0	15
2468	2	0
3820	12	15
2841	1	1
6605	0	15
4433	0	15
7395	15	11
7681	0	0
373	0	0
3476	0	15
3738	0	15
5869	0	15
4146	0	15
2373	7	8
2731	6	7
2709	6	5
5531	14	10
260	0	0
4061	0	15
4062	0	15
2858	5	14
2895	5	8
3128	0	15
5058	0	15
4823	0	15
5111	0	15
1597	0	15
4117	0	15
708	0	0
5158	15	12
7074	11	15
1872	0	15
7795	15	9
5631	0	15
6782	0	0
1189	15	15
5730	0	15
3172	4	0
4843	0	15
3485	0	15
4312	0	15
5219	15	0
1675	0	0
6018	0	15
1687	14	12
514	0	0
64	0	0
144	0	0
1495	0	3
7990	12	15
6448	0	0
50	0	0
7503	0	1
2158	7	3
3487	0	15
4631	0	15
1934	15	0
707	0	0
3308	0	0
2005	13	5
7534	10	0
3807	1	15
1163	0	15
3996	0	0
3341	0	15
6947	0	15
4844	0	15
1104	0	15
1369	0	15
298	0	0
7756	15	7
7351	3	0
6768	0	15
7287	1	15
2850	13	0
3019	0	2
5341	1	15
2397	4	11
6853	0	15
7132	0	15
4570	0	15
2806	3	3
6680	0	15
4039	0	15
6248	0	15
3048	0	13
4081	0	15
5343	0	0
7240	0	15
7710	13	11
6307	0	15
2749	11	9
5468	0	14
1387	11	15
6325	0	15
5864	10	0
7874	0	2
1875	0	15
3439	0	0
7812	0	2
4653	0	15
7389	0	0
6849	0	15
5106	4	0
7356	0	0
330	0	0
1017	1	15
3740	0	0
1617	0	11
5160	0	15
6718	0	15
5310	15	0
4382	0	15
4430	0	15
1881	0	0
5060	0	15
5675	11	15
7054	0	2
2380	10	4
3454	0	0
7373	0	0
4950	0	15
1280	11	13
253	0	0
2023	11	2
6802	0	15
5162	0	5
5194	0	4
1948	0	15
5186	10	0
1616	0	12
4168	0	15
6841	0	0
7371	4	0
1223	0	15
3529	0	0
1342	0	0
7532	15	0
5849	0	15
7995	0	15
7271	0	0
6008	0	15
6436	0	0
6475	0	15
6747	0	15
7124	0	2
519	0	0
7706	8	15
3687	0	1
4480	0	15
1202	0	15
3792	0	0
3380	0	12
6228	0	15
3093	0	0
2706	0	5
461	0	0
5742	0	0
767	0	0
826	0	0
5731	0	15
4358	0	15
4332	0	15
3015	15	0
833	0	0
3495	15	13
721	0	0
3575	0	0
2090	2	0
5445	0	0
402	0	0
965	0	0
3010	0	15
3876	0	15
2378	5	2
2149	15	14
5141	0	0
1201	15	15
4458	0	15
15	0	0
7203	0	2
545	0	0
2243	15	15
867	0	0
5614	0	15
2190	15	0
5524	0	6
2402	0	15
2045	6	8
4068	0	15
4153	0	15
1945	0	2
2890	3	0
841	0	0
6109	0	15
6262	0	15
1842	0	15
7654	0	2
1901	15	14
6595	0	15
2867	12	6
3956	0	15
7674	0	15
3658	0	3
4959	0	15
3759	0	15
1821	0	2
5443	0	15
6801	0	0
1921	1	15
4460	0	15
2872	9	11
5039	14	14
1234	0	0
4785	0	15
614	0	0
3451	0	0
4953	0	15
3580	9	0
1438	0	15
5050	8	0
7510	15	14
1607	0	15
1587	11	0
2748	12	15
971	0	0
1601	0	0
1913	0	0
6421	0	15
1946	1	15
2248	14	15
2470	7	6
211	0	0
7719	0	15
1149	0	15
3251	0	15
4563	0	15
2900	15	8
3455	0	0
5399	11	15
3434	0	14
7879	0	2
7256	0	15
3222	0	15
6543	0	0
3761	0	15
647	0	0
680	0	0
7908	1	15
4991	0	15
2829	5	3
2415	15	6
6875	1	15
3857	10	15
5126	0	3
1704	12	12
4649	0	15
4427	0	15
3808	12	15
2907	10	0
1415	10	15
7303	0	15
5235	0	15
0	0	0
5000	0	0
2992	11	10
2717	6	10
3555	0	3
6921	0	0
7684	0	3
278	0	0
760	0	0
7547	15	0
5976	0	12
5420	0	3
7027	0	15
3150	0	0
857	0	0
11	0	0
2640	0	10
2082	15	15
4201	0	15
4980	0	15
4496	0	15
3595	13	14
1246	0	15
1366	0	3
214	0	0
6459	0	15
5743	12	15
3322	0	15
2681	4	0
5812	0	4
3443	0	15
2105	15	1
967	0	0
2896	6	2
1606	0	15
5583	0	15
7544	12	12
6672	9	15
5670	9	15
2715	4	0
3842	11	0
3635	0	15
5481	0	15
87	0	0
5486	0	0
4665	0	15
2586	9	10
2336	10	6
3024	0	15
7260	0	1
3029	15	0
3699	0	15
5301	0	0
4160	0	15
2108	0	0
4308	0	15
5170	0	0
1385	0	0
4447	0	15
5804	15	15
4336	0	15
5700	0	0
821	0	0
6155	0	0
4439	0	15
6755	0	15
7104	0	3
4725	0	15
2696	4	10
79	0	0
6269	0	0
5457	0	0
5125	0	5
5364	0	15
5319	10	15
2101	9	2
6860	0	15
2237	2	6
558	0	0
5588	8	0
2263	3	0
200	0	0
2628	0	0
1410	12	0
2508	1	14
5449	1	15
6706	0	15
3494	11	13
4764	0	15
2719	15	0
4707	0	15
5668	0	15
3543	0	2
7548	11	15
5802	9	0
6711	0	15
2569	10	1
7432	0	15
7020	0	15
5834	0	15
7867	9	0
604	0	0
2285	6	9
3589	0	0
4184	0	15
3419	12	14
5755	0	5
673	0	0
3107	9	3
1658	11	14
7040	0	0
3592	0	15
5679	0	0
4750	0	15
3220	9	0
7792	15	11
494	0	0
255	0	0
7253	0	0
2482	0	4
4140	0	15
2283	13	9
7127	0	0
1612	0	3
7777	11	15
5706	0	0
6850	0	15
3063	0	0
7067	13	13
3853	0	15
2562	15	9
2840	3	8
1269	0	2
1061	10	15
307	0	0
349	0	0
2431	4	0
7048	0	15
386	0	0
397	0	0
33	0	0
5592	0	15
7030	0	15
2401	4	3
7626	0	15
7226	0	0
6717	0	15
689	0	0
3711	0	15
2154	7	8
1082	0	2
6420	0	15
5493	2	10
5296	0	15
190	0	0
3003	0	15
1712	0	2
823	0	0
3082	1	15
757	0	0
842	0	0
6665	0	15
2672	7	8
5560	0	15
4375	0	15
2555	0	0
2281	0	14
5302	0	15
136	0	0
7390	0	15
5633	15	14
2066	15	7
3325	0	0
512	0	0
4451	0	15
6168	0	15
6057	0	15
3474	14	0
3709	12	15
1206	14	14
7245	5	0
5286	9	0
638	0	0
7149	0	15
2122	4	12
7658	14	12
7951	0	0
3998	0	0
1760	0	0
3422	0	15
5193	0	15
2744	8	8
6920	0	0
4936	0	15
6326	0	15
3370	15	0
101	0	0
1355	0	0
2775	12	7
6013	0	15
7154	0	15
3025	1	15
2805	5	0
4101	0	15
3741	0	0
5709	0	15
436	0	0
6911	0	15
2025	14	5
7526	0	13
4278	0	15
4795	0	15
530	0	0
2820	15	15
6560	0	15
5408	15	15
5609	0	15
7375	0	15
1827	0	15
4742	0	15
7962	0	15
7304	0	0
1154	13	14
6495	0	0
834	0	0
7892	0	15
1120	0	15
7229	0	15
4731	0	15
733	0	0
7193	12	12
1479	13	14
161	0	0
262	0	0
7158	1	15
4661	0	15
7987	12	14
1242	0	3
1465	0	15
6261	0	15
2304	15	3
1133	0	15
4345	0	15
5157	0	15
6242	0	15
4371	0	15
6564	0	15
1060	10	15
6028	0	0
5749	0	15
5573	12	13
622	0	0
304	0	0
4678	0	15
2116	3	14
3641	0	0
7270	15	13
574	0	0
6160	0	15
1422	0	0
7342	0	5
2364	5	4
3300	0	0
7057	8	0
3676	0	0
3293	14	14
2315	7	9
1105	12	15
3228	0	15
295	0	0
7490	0	0
6119	0	15
2019	11	15
175	0	0
3737	10	15
2574	0	10
1961	15	0
2	0	0
2326	9	8
4962	0	15
1803	10	0
872	0	0
1905	0	1
838	0	0
6139	0	0
4847	0	15
1655	9	15
170	0	0
5895	0	4
2041	9	8
7347	6	0
6839	0	15
1456	0	15
1735	0	2
7359	0	0
6511	0	0
3908	1	15
2328	6	10
3381	0	0
2781	4	10
7554	0	0
7787	0	15
3351	0	15
4320	0	15
5461	15	15
2433	12	0
807	0	0
5918	0	15
7408	0	15
3355	0	15
5748	11	0
1861	9	0
2886	4	15
7086	0	15
6195	0	15
3279	0	0
898	0	0
7545	0	15
882	0	0
3835	0	12
6695	0	15
5117	0	15
5385	0	0
7014	11	15
716	0	0
897	0	0
5154	0	15
5521	1	0
4805	0	15
6558	0	15
4607	0	15
3546	0	15
1460	15	0
5961	0	0
2199	0	4
1717	0	0
7512	0	0
7750	0	15
242	0	0
3469	0	15
169	0	0
661	0	0
2077	0	0
1321	0	15
4963	0	15
6406	0	0
6374	0	15
7527	0	15
3120	0	15
1240	4	0
4310	0	15
1274	0	0
5179	10	0
5746	0	15
7458	15	0
2711	0	2
2340	15	4
7847	0	0
5744	0	15
632	0	0
3134	11	0
7387	0	2
3718	0	13
5166	0	15
7835	0	15
4233	0	15
5930	0	15
7012	14	15
5969	15	14
1673	0	0
3885	0	15
6523	0	15
7485	0	15
6857	0	0
4779	0	15
7456	0	1
1357	0	15
4107	0	15
2419	0	1
1502	0	0
7940	10	15
925	0	0
4885	0	15
3734	0	15
5426	15	0
1110	0	0
7711	13	15
6667	0	15
5159	0	0
7945	0	15
5682	4	0
2388	4	14
2346	15	8
1181	0	15
7886	6	0
2271	15	9
1244	0	13
5188	0	15
3566	0	15
2833	4	0
5894	0	15
3464	12	12
5575	0	15
7008	11	0
2279	9	3
4620	0	15
1249	4	0
6545	0	15
2602	0	5
1212	0	0
4654	0	15
7120	9	0
533	0	0
7085	0	0
3207	0	15
1324	0	15
1374	0	0
4626	0	15
6601	1	15
4048	0	15
6540	1	15
6296	0	0
7854	0	15
2851	12	9
5996	0	0
4419	0	15
1824	0	0
1603	0	15
1081	0	9
2782	7	9
4399	0	15
2522	4	8
6800	0	0
5640	0	15
7385	14	13
4931	0	15
7290	0	15
5625	0	15
7486	0	14
2559	10	6
5586	0	2
7348	15	0
6196	0	15
5814	15	14
6576	0	15
2888	15	12
302	0	0
4082	0	15
6174	0	15
7642	3	0
7680	15	0
6760	1	15
7453	0	0
5974	0	15
4799	0	15
4373	0	15
3619	0	15
1788	13	11
6556	0	15
3223	0	15
4640	0	15
6462	0	0
6234	0	0
3285	0	4
4108	0	15
290	0	0
6954	0	15
1284	15	0
4069	0	15
2898	10	11
7421	0	15
521	0	0
2732	15	0
3452	10	15
2469	6	6
4135	0	15
732	0	0
940	0	0
4882	0	15
334	0	0
1420	0	15
5084	0	15
663	0	0
2973	6	15
880	0	0
5357	0	15
4771	0	15
3149	0	15
2816	0	10
7539	13	12
5290	9	15
1306	10	15
2043	15	0
5842	14	13
3416	12	0
6085	0	15
5315	0	0
4339	0	15
7634	0	4
2776	12	10
1941	15	0
1793	0	3
3583	0	0
1665	0	15
2075	6	8
5760	0	0
1522	11	15
7475	15	0
1162	11	15
5281	0	0
2686	2	13
6693	0	15
1585	0	3
5389	0	3
6514	0	15
4490	0	15
387	0	0
5602	10	15
7500	0	15
442	0	0
1513	0	1
137	0	0
3018	15	14
7140	0	15
2967	6	12
2901	15	9
47	0	0
3337	0	15
146	0	0
4916	0	15
7528	11	15
4459	0	15
6559	1	15
4520	0	15
7288	0	15
843	0	0
5698	0	4
2943	0	15
275	0	0
2509	6	11
1277	0	15
2786	15	0
2961	10	15
633	0	0
77	0	0
3770	0	15
2474	0	1
6531	0	15
6584	1	15
3503	1	15
906	0	0
2854	4	7
4377	0	15
969	0	0
3318	14	12
4558	0	15
4440	0	15
950	0	0
3815	15	4
5242	0	15
1485	13	0
2452	5	8
731	0	0
1714	0	0
2607	4	13
7901	0	15
598	0	0
5172	0	15
1405	14	14
7252	13	14
7807	0	15
1085	0	0
3321	0	2
881	0	0
1478	0	15
4350	0	15
5947	0	0
1829	12	15
5066	0	15
165	0	0
4164	0	15
6859	0	15
338	0	0
1179	12	9
6429	0	0
3085	0	15
6661	0	15
6223	0	15
4878	0	15
4903	0	15
2477	4	15
6742	0	15
4544	0	15
7817	0	15
4712	0	15
5444	0	15
4523	0	15
5635	13	12
5855	0	15
803	0	0
6378	0	15
37	0	0
3493	0	3
5184	12	12
5995	0	12
5638	0	15
3484	0	0
250	0	0
4568	0	15
1341	14	14
961	0	0
7949	13	15
4025	0	15
6335	0	15
917	0	0
2650	4	7
1571	0	15
4083	0	15
3379	0	15
1843	0	15
2889	7	2
5745	0	15
5807	12	13
7808	0	1
6898	0	15
2823	5	6
5905	0	15
2752	15	13
2327	13	10
7956	0	15
862	0	0
1615	0	1
1033	15	15
2946	4	5
2333	14	9
2883	2	11
4693	0	15
5902	14	13
4085	0	15
1751	0	0
5089	0	15
39	0	0
319	0	0
5499	0	0
1947	13	12
1916	0	2
7065	0	0
5915	0	0
3951	0	15
5648	0	15
6925	0	15
6295	8	15
6597	0	15
5249	0	15
4835	0	15
7235	15	0
244	0	0
5424	0	15
5471	0	0
3823	0	15
4211	0	15
6371	0	15
6124	1	15
3689	0	15
1325	0	15
400	0	0
7013	0	15
7730	0	15
1378	0	15
7066	0	0
2210	11	15
4074	0	15
6370	0	15
464	0	0
411	0	0
3680	0	2
7204	9	15
417	0	0
6788	0	15
698	0	0
3140	12	12
6969	0	1
1845	0	15
4219	0	15
957	0	0
730	0	0
1630	7	0
1217	0	15
481	0	0
5641	0	0
7319	14	14
5898	0	2
3742	0	3
7718	0	12
7514	0	15
7318	0	15
2842	0	5
3693	0	15
6235	0	15
1175	15	14
4749	0	15
2656	8	13
3634	12	13
7468	0	0
3921	14	14
5750	0	12
7948	12	12
2989	11	9
525	0	0
723	0	0
1345	15	0
3504	0	0
5238	0	3
7004	15	15
5621	0	0
2666	11	3
666	0	0
2564	9	10
1314	0	13
613	0	0
3479	10	10
7769	1	15
6876	0	15
5308	15	14
1503	0	3
4245	0	15
364	0	0
5708	0	2
3412	0	15
1558	0	15
1236	10	15
4408	0	15
1836	0	15
3375	1	15
7559	0	15
3865	15	15
199	0	0
7168	0	15
4647	0	15
676	0	0
1453	0	2
6522	0	15
7369	9	15
3756	0	15
5203	0	0
2280	5	4
894	0	0
4997	0	15
2497	10	9
1584	0	0
6478	0	15
2145	1	0
7609	14	13
1667	15	14
570	0	0
2104	0	12
6019	1	15
2641	9	2
2568	0	0
5345	0	15
6572	0	15
3746	0	5
2262	5	14
4555	0	15
7589	0	15
6226	0	0
5623	0	9
878	0	0
2098	2	12
1721	0	0
2034	0	4
2044	14	13
1789	0	15
7000	0	15
2070	4	4
7796	0	15
6714	1	15
6583	0	0
6138	0	15
4389	0	15
3531	0	15
5503	13	12
1882	11	15
2800	4	4
2140	0	7
7169	0	15
2688	9	2
196	0	0
800	0	0
4849	0	15
48	0	0
108	0	0
5817	10	0
2591	2	0
5161	0	0
3190	0	13
5953	0	4
5497	0	1
6217	0	15
7522	0	0
4360	0	15
3650	0	0
2697	10	2
3733	15	11
7194	0	15
5384	1	15
2780	15	9
1394	0	15
6963	0	0
1207	0	15
2106	5	4
3939	0	15
3023	0	4
2272	0	7
6725	0	0
6699	0	0
4228	0	15
7236	0	15
1286	0	0
1243	0	0
1380	0	0
6570	0	0
1637	0	11
1659	15	0
4445	0	15
477	0	0
1914	0	15
684	0	0
1346	0	14
4927	0	15
4782	0	15
4119	0	15
6444	0	15
692	0	0
2127	15	13
3995	0	15
7669	0	0
7376	0	3
5027	0	0
2485	10	10
5582	15	0
7737	0	0
5568	0	15
4907	0	15
3453	13	14
2405	2	11
6455	0	0
5618	0	15
2580	0	12
513	0	0
6267	0	0
4897	0	15
6980	0	0
4857	0	15
840	0	0
5718	11	0
1797	0	15
4041	0	15
5627	0	0
122	0	0
7604	15	0
599	0	0
4029	0	15
996	0	0
543	0	0
5211	0	0
259	0	0
7866	0	13
6831	0	0
1887	0	2
3055	12	13
3582	10	15
6255	0	15
3891	0	12
597	0	0
4261	0	15
5876	0	0
5752	1	15
4169	0	15
1729	0	15
7404	0	2
106	0	0
1143	0	13
2998	10	15
6303	0	15
7714	0	0
989	0	0
7336	0	13
5257	12	0
4808	0	15
5313	0	0
2261	11	6
6446	0	15
1701	0	0
4798	0	15
5428	0	0
3717	0	15
2576	0	1
2947	7	9
1851	12	12
4151	0	15
4587	0	15
4614	0	15
2893	8	7
907	0	0
3640	15	14
2874	15	4
4298	0	15
5529	0	0
5624	15	0
6017	0	15
5476	0	0
2507	15	2
4495	0	15
7650	2	9
2505	9	0
6162	0	15
1995	0	0
6873	0	15
4143	0	15
6084	0	15
5800	0	15
5410	0	3
2251	10	7
6830	0	15
4933	0	15
6743	0	15
113	0	0
4904	0	15
5496	0	15
2137	12	15
4313	0	15
2302	4	13
1204	12	0
4512	0	15
6983	0	15
1072	0	15
2524	6	0
3447	0	15
7789	0	2
750	0	0
6244	1	15
5072	0	15
1572	0	3
7083	0	3
6107	0	15
3881	0	0
3041	0	15
1464	0	0
5829	0	15
4571	0	15
2018	10	4
6697	1	15
4996	0	15
5572	0	2
3652	0	3
2999	0	1
1936	0	2
942	0	0
7437	12	0
7588	0	15
1028	0	0
3571	0	0
1974	0	0
6848	0	0
3349	0	0
6989	0	0
887	0	0
5949	0	1
4277	0	15
138	0	0
573	0	0
2224	15	1
1260	11	15
4813	0	15
2288	2	2
4124	0	15
1718	3	10
7501	0	15
4827	0	15
5307	0	15
43	0	0
1007	0	1
5563	13	0
2701	4	4
6331	0	15
7614	0	1
3871	0	0
7467	0	15
7836	0	15
4436	0	15
6562	0	15
2486	15	15
7221	0	15
4432	0	15
4474	0	15
2736	9	4
4905	0	15
5664	0	0
4272	0	15
6895	0	15
4662	0	15
617	0	0
2698	0	9
2361	15	0
7611	0	15
2317	6	10
6324	0	15
1099	11	15
3409	15	15
6291	0	15
4685	0	15
7460	9	15
6393	0	0
2595	2	0
602	0	0
1055	0	3
7148	10	15
636	0	0
6046	0	15
2743	0	0
4889	0	15
2528	15	3
4205	0	15
2359	2	1
1349	1	15
1546	0	0
5515	0	0
4454	0	15
5940	11	15
4407	0	15
2177	14	2
2745	0	12
759	0	0
1677	0	15
4283	0	15
4593	0	15
3912	0	3
2652	9	0
2582	13	15
5835	0	0
6652	0	0
7776	10	15
1518	1	15
1330	0	0
6382	0	0
4379	0	15
3872	0	13
1315	0	15
6716	0	15
7519	0	1
2966	2	8
3686	0	1
32	0	0
5859	14	14
2244	6	1
2975	0	11
6414	0	15
5848	0	0
649	0	0
4704	0	15
1573	12	12
7470	0	3
6664	0	15
1015	14	13
6822	1	15
899	0	0
1367	0	0
17	0	0
3056	0	15
1391	15	0
3462	0	0
4694	0	15
1624	0	15
2891	0	5
6238	0	15
5951	14	14
4006	0	15
1722	0	0
186	0	0
6624	0	15
645	0	0
6971	0	15
6621	0	0
3837	0	0
572	0	0
3345	11	15
5043	0	5
246	0	0
6050	0	15
5935	0	3
7053	0	2
7959	0	14
2625	11	3
1381	0	12
2657	15	12
561	0	0
2071	0	7
6024	0	15
659	0	0
3394	13	13
7343	13	12
181	0	0
5713	14	12
718	0	0
7690	0	15
3618	15	0
4254	0	15
712	0	0
7215	0	3
6690	0	15
7857	0	13
5510	0	1
2407	10	10
4037	0	15
5684	1	15
1639	0	15
409	0	0
4080	0	15
1918	0	1
1445	0	15
1247	0	15
6906	0	15
6985	0	15
2532	8	15
7947	0	15
1156	12	10
765	0	0
5914	0	15
6422	0	15
5153	0	0
1030	0	15
3286	0	0
2287	6	0
4305	0	15
6313	0	15
2443	10	4
536	0	0
4952	0	15
7597	0	0
4588	0	15
31	0	0
3716	0	0
4009	0	15
503	0	0
6171	0	0
276	0	0
5243	0	0
7298	0	15
747	0	0
7412	0	0
4565	0	15
7624	0	0
589	0	0
6889	0	15
749	0	0
785	0	0
3382	0	3
4446	0	15
1020	0	0
1561	0	15
6059	0	15
3344	0	15
4828	0	15
2621	5	7
3457	12	12
4045	0	15
6770	0	0
1862	0	15
5966	15	15
5002	0	0
7869	13	14
1167	0	3
1304	10	15
6260	0	0
892	0	0
3911	0	15
5629	14	14
4281	0	15
3288	8	0
5305	4	0
5852	0	11
7755	13	13
5776	0	12
7660	0	15
5626	14	13
2366	15	7
1668	0	0
6630	10	15
3602	0	14
7141	0	15
4325	0	15
1818	0	10
1126	14	13
5874	1	15
6063	0	15
4949	0	15
6738	0	0
724	0	0
1283	0	0
324	0	0
131	0	0
6938	0	0
1265	15	8
3831	12	15
7078	0	15
3769	0	1
2058	0	2
3773	10	15
6256	0	15
1752	0	15
3572	11	0
4013	0	15
109	0	0
625	0	0
3533	12	15
5144	0	0
3955	0	15
7583	0	15
2949	1	15
5533	0	15
6129	0	15
4913	0	15
6930	0	15
3601	0	14
5851	0	11
7219	9	0
4944	0	15
2086	3	12
4560	0	15
7870	0	14
819	0	0
7451	1	15
3230	0	1
2241	4	0
979	0	0
2596	5	0
1645	15	15
2079	14	8
5611	8	15
350	0	0
6497	0	15
7927	0	15
4902	0	15
2885	15	15
630	0	0
5142	0	15
811	0	0
3617	0	8
1586	0	0
2557	10	15
5559	0	15
4223	0	15
1700	15	0
2358	4	1
7339	10	15
6236	0	0
671	0	0
6795	0	0
1353	15	0
981	0	0
4513	0	15
7818	0	15
6247	0	15
5795	0	15
6573	0	15
4257	0	15
7576	0	0
3785	0	15
2123	0	4
5005	13	14
4774	0	15
6677	0	0
1622	11	15
7572	11	15
1198	0	0
158	0	0
754	0	0
6322	0	15
2626	11	15
4058	0	15
6507	0	15
4708	0	15
6192	0	0
5271	0	15
1421	0	15
4519	0	15
2396	11	0
5031	0	0
7608	1	15
4924	0	15
2563	12	13
4669	0	15
3365	0	2
3467	1	15
694	0	0
49	0	0
2627	6	6
3083	0	0
3461	15	0
5068	0	0
3986	10	0
5571	0	0
368	0	0
7068	0	3
912	0	0
5013	9	15
3200	0	0
5815	15	0
7301	3	0
4546	0	15
7582	0	15
6208	1	15
3933	0	15
5637	0	0
1273	15	0
6369	0	1
3006	0	15
786	0	0
5690	0	0
895	0	0
5784	6	0
2035	10	6
5339	11	13
1720	8	0
7662	0	15
167	0	0
2873	4	4
3997	13	14
3603	0	13
6175	0	0
1903	0	1
6263	0	0
6097	0	0
1228	9	15
480	0	0
5326	0	15
5830	0	0
215	0	0
4696	0	15
5391	0	15
5085	10	15
1338	0	0
4961	0	15
4185	0	15
3767	0	0
5545	1	15
6654	1	15
7955	0	0
1909	15	15
6211	0	0
801	0	0
3949	0	15
272	0	0
2670	13	3
7741	10	15
3386	14	13
1230	0	15
6727	0	0
3152	0	15
5409	0	15
3790	0	15
4852	0	15
6434	0	15
7780	0	4
1508	0	15
58	0	0
5177	15	14
1000	14	12
2821	9	7
3021	0	15
6449	0	15
443	0	0
687	0	0
453	0	0
6463	0	0
2513	8	15
1692	2	0
3607	0	15
6620	0	0
5992	13	15
4557	0	15
4401	0	15
7655	0	15
1059	0	15
6037	0	0
7578	0	0
7506	0	0
6377	1	15
266	0	0
6683	0	0
1942	0	15
6329	0	15
7358	0	0
2916	3	14
6006	0	15
4222	0	15
6161	1	15
7280	0	0
2978	0	7
2084	14	3
6833	1	15
3105	0	15
977	0	0
2434	15	13
5570	10	15
6611	0	15
509	0	0
2669	1	11
4391	0	15
67	0	0
6587	0	0
3498	10	15
7145	0	15
2996	15	4
7315	0	15
6582	0	15
6110	0	15
5278	0	5
5127	14	14
4869	0	15
4324	0	15
963	0	0
6408	0	15
7051	15	0
6096	0	15
6025	0	15
1661	12	13
218	0	0
5323	0	2
4060	0	15
6376	0	0
6874	0	15
5299	12	12
4667	0	15
3557	13	13
6373	0	15
3685	10	0
5303	0	15
6034	1	15
7178	0	0
619	0	0
1151	15	15
5904	13	14
3400	0	15
6362	0	0
4722	0	15
7302	0	0
2400	0	0
5118	0	0
6510	1	15
6858	0	15
978	0	0
3920	0	15
5325	10	15
3414	15	14
4172	0	15
2321	7	6
6745	0	15
2623	10	6
4147	0	15
1384	11	15
2216	6	0
7827	0	15
2414	15	7
1141	11	15
5534	0	15
5525	0	15
3798	0	12
4410	0	15
7446	0	1
1173	0	15
1930	0	1
3307	15	0
3429	0	13
7072	0	15
7968	0	15
1178	0	15
1517	0	4
3809	15	0
4386	0	15
7693	6	9
6216	0	0
999	0	0
6078	0	0
90	0	0
3535	0	15
2868	12	8
1742	10	15
5535	10	15
534	0	0
2812	6	0
7972	0	3
1089	0	15
5613	0	15
2558	15	8
1646	0	15
4485	0	15
6130	0	15
775	0	0
7899	15	15
2737	8	8
1429	0	4
2464	4	13
6437	0	15
4802	0	15
4128	0	15
7783	0	15
6122	0	15
3953	10	15
2039	3	0
2846	9	0
4487	0	15
4831	0	15
5419	3	0
5827	0	15
4884	0	15
3208	0	15
5751	0	15
5437	0	15
5335	0	0
7732	0	15
1542	11	15
3562	0	15
5678	0	0
5136	15	0
1684	0	0
7419	0	0
2276	8	1
6044	0	15
99	0	0
6224	1	15
7829	0	15
6183	0	0
3505	13	13
7370	15	0
3817	0	6
6723	0	15
3225	12	13
2735	10	9
5088	0	1
1849	9	0
4659	0	15
1578	0	0
5566	0	0
7181	10	0
3432	0	15
3194	0	15
6068	8	15
7922	0	0
2519	10	6
5047	11	15
2348	15	0
5253	10	15
2000	1	10
6179	0	15
96	0	0
1678	0	15
7258	0	15
6064	0	15
1691	12	15
6792	1	15
7097	0	15
3547	0	0
7317	13	12
2848	2	14
4817	0	15
6871	0	0
2908	12	10
1562	0	3
1102	0	15
6943	0	15
2617	0	12
5045	0	15
6797	0	15
3424	11	15
5553	15	12
14	0	0
1965	0	2
7394	0	15
5958	15	11
4071	0	15
5561	0	15
7156	12	13
2029	0	0
3372	0	15
6220	0	0
7234	0	2
5775	1	15
457	0	0
154	0	0
2613	11	0
4838	0	15
2030	13	5
2159	0	2
5686	2	3
4951	0	15
2590	2	11
1800	15	0
2367	15	15
4793	0	15
3328	0	15
5393	14	14
1516	1	15
5338	0	0
2807	0	10
6998	0	15
3198	15	0
719	0	0
7125	0	15
231	0	0
7724	15	13
7601	0	15
7645	0	0
1440	0	1
5263	0	15
5770	0	15
2531	7	11
7350	0	13
4341	0	15
7898	11	0
389	0	0
4896	0	15
893	0	0
4972	0	15
2383	15	14
213	0	0
7929	0	0
6319	0	15
705	0	0
2994	15	14
1984	13	14
1437	0	0
6767	0	0
4633	0	15
1538	0	0
624	0	0
2186	11	0
6799	0	15
5993	0	0
6763	0	15
3415	10	15
3569	0	0
3664	15	14
2673	4	0
3898	15	0
4892	0	15
18	0	0
160	0	0
4705	0	15
6113	0	15
7815	10	15
5941	0	15
6102	0	15
3585	0	15
1418	0	0
5889	0	0
824	0	0
1164	4	0
5632	1	15
4094	0	15
3732	0	15
1057	0	15
294	0	0
1123	0	0
3313	0	12
4841	0	15
1348	0	2
4692	0	15
6343	0	15
1024	9	0
5434	0	15
5597	0	0
5138	15	0
2256	3	5
3350	0	0
6286	0	0
6593	0	0
3141	0	15
7418	0	15
5825	9	15
1036	4	0
3633	0	1
501	0	0
7605	0	5
2286	8	0
3249	0	15
6655	0	15
5209	3	0
998	0	0
2918	13	5
1278	14	14
20	0	0
7779	12	14
3444	0	13
3855	0	1
4141	0	15
4304	0	15
7433	0	0
3168	0	15
5218	0	3
2027	9	15
4396	0	15
1077	0	15
2458	0	14
7584	0	15
1289	15	0
2870	8	14
924	0	0
5022	0	15
7176	3	11
3704	13	14
4770	0	15
3565	0	3
4910	0	15
5041	0	15
2204	15	15
3097	0	3
6974	0	15
7044	12	12
6952	0	15
3316	2	9
4414	0	15
4347	0	15
6090	0	0
962	0	0
5643	13	15
7189	0	0
2502	0	9
7970	0	15
6627	1	15
1780	0	15
2012	5	0
3524	0	0
863	0	0
1047	0	0
3268	12	9
596	0	0
6029	0	15
5793	0	3
7606	0	15
966	0	0
3507	0	0
1747	12	13
2170	10	4
2624	8	10
3	0	0
3102	0	15
6101	0	0
5596	14	13
6625	0	15
5463	0	0
6557	0	0
82	0	0
790	0	0
6126	0	15
2212	15	9
3098	1	15
6457	0	15
787	0	0
7443	0	15
646	0	0
3838	0	15
5042	9	4
4701	0	15
5661	14	13
4295	0	15
6529	0	15
6684	0	15
3630	0	15
6484	0	0
1363	0	15
102	0	0
682	0	0
6488	0	15
2763	11	6
3662	0	3
4015	0	15
2265	6	7
2919	15	6
6402	0	0
5078	0	15
2363	3	11
3157	0	10
110	0	0
5207	0	15
6055	0	0
5979	0	3
1968	0	0
2662	12	4
5737	15	0
5808	12	12
709	0	0
2274	4	0
1298	0	0
7942	0	0
5265	1	15
592	0	0
4890	0	15
1834	11	15
6014	0	15
7036	0	15
5465	10	15
1864	15	15
5470	0	15
7130	0	0
3691	0	15
2226	15	0
7900	0	15
4177	0	15
1046	0	4
3192	0	0
1333	0	0
3303	0	15
4943	0	15
6182	1	15
6650	0	0
5767	0	15
7982	0	15
2690	14	5
2017	1	12
410	0	0
91	0	0
1590	0	15
911	0	0
4214	0	15
973	0	0
6635	0	0
4664	0	15
1732	0	12
660	0	0
2630	4	8
7691	0	15
642	0	0
7220	0	15
5354	15	15
5360	10	0
6636	0	0
3330	0	15
7187	14	13
943	0	0
1806	0	0
590	0	0
7209	15	14
2700	9	9
1547	0	15
7627	15	0
5492	14	12
1801	0	0
2457	0	5
2855	4	0
5028	0	3
5867	12	15
1232	0	0
1116	0	15
1656	0	15
1219	0	14
1449	0	15
7306	13	15
3886	14	14
4121	0	15
2308	3	0
84	0	0
1145	0	15
2856	12	4
392	0	0
3554	0	3
4800	0	15
5298	0	2
7377	1	15
3700	1	15
5321	0	3
5414	0	0
5696	0	15
487	0	0
203	0	0
7283	0	15
1468	0	0
2493	5	13
2767	8	10
2335	8	5
459	0	0
1928	0	15
3698	12	12
7037	12	15
2392	0	11
2546	15	9
5868	0	0
274	0	0
3940	0	0
1927	11	15
6749	0	15
766	0	0
2406	15	2
7873	0	15
5759	0	3
74	0	0
6380	0	0
2972	0	0
3984	0	1
4186	0	15
6318	0	0
2301	12	6
7523	0	0
6816	0	0
2962	10	14
1457	10	15
7909	15	0
6856	0	0
1231	0	1
7551	11	15
329	0	0
7002	0	15
4977	0	15
4575	0	15
1557	0	15
5517	0	15
3050	8	8
2990	5	13
1336	0	15
3880	0	15
2270	6	0
7841	0	15
2549	9	1
6311	1	15
1291	0	15
5928	13	15
257	0	0
4306	0	15
4116	0	15
5794	13	12
6473	0	15
860	0	0
7823	0	3
936	0	0
6807	0	15
1302	12	0
1982	0	15
5955	0	0
333	0	0
6091	0	15
4266	0	15
5405	0	15
320	0	0
3678	0	15
3368	0	15
3567	9	15
4240	0	15
1970	0	12
6524	0	15
3236	0	0
7834	0	15
4960	0	15
5963	15	15
4405	0	15
2971	11	0
2964	4	9
7062	0	15
960	0	0
4573	0	15
2456	1	15
204	0	0
4515	0	15
3856	0	15
1371	0	15
2984	5	15
4638	0	15
5574	15	0
1529	0	0
2048	11	0
4053	0	15
4781	0	15
7363	15	0
7991	1	15
1065	0	13
5121	0	15
4870	0	15
6518	0	0
6385	0	15
2587	10	13
7875	0	3
4004	0	15
5149	11	0
1962	0	15
6336	0	15
5070	0	15
2093	7	0
7974	0	15
3812	0	13
1598	11	15
1389	1	15
326	0	0
1769	13	11
1551	14	11
6503	1	15
1777	0	15
3221	0	0
3862	0	15
3917	15	14
5846	0	15
859	0	0
2768	15	7
4244	0	15
4301	0	15
4738	0	15
1820	13	12
3022	0	15
5435	0	2
7201	0	0
877	0	0
531	0	0
6796	0	15
2765	15	15
7709	0	0
4499	0	15
2418	12	6
1427	12	12
7803	0	3
224	0	0
3417	9	15
5530	0	15
2345	14	5
6333	1	15
6137	0	0
7281	0	15
4383	0	15
5024	15	14
3294	0	0
2465	5	0
5999	0	0
5866	10	15
6268	0	15
5183	0	0
4549	0	15
1635	0	3
451	0	0
5652	0	15
2195	0	6
6933	0	15
4351	0	15
5477	0	15
285	0	0
2845	8	0
672	0	0
1026	0	1
3669	0	15
5190	0	0
941	0	0
7399	15	13
851	0	0
7061	0	1
7018	0	0
4040	0	15
1012	15	0
2539	3	0
6536	0	0
6167	0	0
207	0	0
1937	0	0
6586	0	15
367	0	0
5892	12	0
2725	0	5
644	0	0
268	0	0
1168	0	15
382	0	0
2616	9	9
4418	0	15
3124	0	15
5038	0	15
2988	15	5
4044	0	15
6485	0	15
6517	0	0
1980	14	15
4718	0	15
4578	0	15
6292	1	15
1894	15	0
5644	0	3
5260	0	15
6092	0	15
273	0	0
3661	0	15
2957	8	0
6108	0	15
1857	0	15
5831	15	14
4891	0	15
5379	15	0
3273	0	15
5821	14	15
2119	2	10
5059	12	14
7736	0	15
6746	0	15
1390	0	15
3046	12	15
1301	1	15
4545	0	15
2689	4	6
6237	0	0
7152	15	15
3248	0	2
2100	11	7
4666	0	15
5616	10	0
4668	0	15
270	0	0
5494	0	0
5555	0	15
4319	0	15
6653	0	15
5431	13	14
2289	13	0
5438	0	15
2654	5	15
1754	0	0
2708	10	0
2755	2	2
6544	0	15
794	0	0
7080	0	12
4267	0	15
6913	0	0
3100	0	2
5511	0	15
4642	0	15
5771	0	0
1813	0	0
4431	0	15
3784	0	15
5832	0	15
289	0	0
426	0	0
7509	0	15
6118	0	0
1809	0	4
5359	15	15
4380	0	15
95	0	0
3252	6	0
465	0	0
4198	0	15
3964	0	0
939	0	0
4072	0	15
6594	0	15
7277	15	0
3090	0	15
6696	0	0
3683	0	1
6793	0	0
1743	0	15
1804	0	15
5537	0	12
744	0	0
4	0	0
2533	6	0
5007	0	15
5390	0	0
5245	14	12
124	0	0
3089	0	15
2920	0	5
5258	0	0
3245	0	0
2115	7	2
2511	10	10
4539	0	15
7731	13	12
6729	0	0
7880	0	13
3156	0	15
6639	0	15
4142	0	15
1095	0	15
593	0	0
7515	13	12
5916	0	15
2377	5	2
2004	15	7
1233	0	15
7237	14	13
5736	0	0
3899	15	0
2695	7	15
5110	12	0
5240	0	15
365	0	0
5681	15	0
5728	0	0
4203	0	15
327	0	0
3399	0	12
554	0	0
4530	0	15
871	0	0
1621	11	0
7816	0	15
75	0	0
1620	0	0
2078	2	11
7007	0	0
7748	0	3
1600	15	0
3749	0	15
7688	0	15
7362	0	0
6934	0	15
6565	0	15
7400	0	15
1592	0	3
656	0	0
1917	0	15
5938	1	15
1949	0	12
4323	0	15
4619	0	15
1417	12	0
5937	14	12
3263	0	0
5450	0	15
51	0	0
2173	12	2
7022	0	2
5173	0	0
7594	0	15
1006	0	2
2446	0	2
3679	0	0
3692	10	15
3523	15	0
1152	12	0
3539	1	15
6648	0	15
3142	0	15
7905	10	0
1455	1	15
3332	0	12
6682	0	15
727	0	0
3714	0	0
6872	0	0
7839	0	15
7652	0	15
5228	13	14
121	0	0
238	0	0
1644	0	0
2866	10	6
2015	3	3
6552	0	0
3621	0	6
1626	0	2
5711	0	15
2915	15	15
1264	15	0
7052	0	15
1741	0	0
6158	0	0
3277	0	2
828	0	0
3158	0	15
735	0	0
5398	0	15
4251	0	15
65	0	0
7135	0	3
7591	13	13
6048	0	0
6905	0	15
5051	11	0
80	0	0
6870	1	15
7567	0	15
5983	1	15
5169	0	15
910	0	0
1811	0	15
2247	10	10
4505	0	15
19	0	0
7753	14	13
4582	0	15
5023	0	15
7042	0	2
6341	0	15
419	0	0
5180	0	0
2293	13	15
6225	0	15
2125	15	15
7562	0	15
4282	0	15
4359	0	15
7300	0	12
3787	0	15
6232	0	15
3744	0	15
5216	0	13
3411	0	15
1002	14	15
379	0	0
4609	0	15
4858	0	15
6862	0	0
6062	0	0
7063	11	15
10	0	0
5361	0	0
3682	3	0
4024	0	15
5599	0	15
300	0	0
6528	0	15
3968	0	15
1267	0	0
5011	5	0
346	0	0
4191	0	15
1795	0	15
166	0	0
6360	0	0
114	0	0
3639	0	15
1419	0	15
6885	0	15
839	0	0
325	0	0
2172	13	5
6379	0	0
4271	0	15
7917	11	15
3736	0	15
5381	0	15
5942	0	0
1197	1	15
2391	1	1
6293	0	15
3136	0	0
4613	0	15
6054	0	15
6337	0	15
4453	0	15
7939	0	13
7715	0	0
6940	0	15
2503	8	8
2771	1	5
2466	6	6
3963	0	3
5314	0	15
5558	0	15
4846	0	15
5693	0	15
4739	0	15
1628	0	3
1763	0	3
3099	11	15
4387	0	15
603	0	0
7445	14	14
3241	0	0
3011	0	0
3629	0	2
4577	0	15
