18748589
11320783
10098766
9335126
8740425
8276856
7862913
7506794
7167398
6881092
6604193
6348746
6108723
5884040
5665629
5468628
5253652
5089938
4919095
4755903
4598618
4445256
4306516
4166040
4030013
3906333
3780464
3663010
3549608
3439972
3334055
3234370
3110489
3041527
2948204
2864196
2777881
2693977
2615100
2535281
2466422
2391658
2324630
2256206
2190254
2128358
2064645
2007472
1948546
1894787
1839261
1788031
1736405
1687394
1641133
1591350
1549154
1506240
1462747
1424839
1383412
1345976
1306268
1269367
1215776
1202996
1169242
1134247
1105309
1077265
1044725
1017760
990840
962241
937187
913113
887010
863105
840723
818171
796618
775019
753462
732785
715186
694113
678715
659431
640985
623652
608934
593442
576437
560955
546787
531995
519996
505794
493371
480711
468384
456318
445767
433508
423382
413391
402650
392703
383412
373315
362667
354433
346084
337368
329685
320095
313301
305451
298343
290795
283498
276545
270918
263624
257009
252055
245314
240938
227297
228807
224973
218898
214990
208287
205271
199850
195524
190880
186261
182189
178093
174784
170374
166493
163092
159950
156232
153435
148902
146522
142704
139946
137196
134712
131804
129320
126679
123547
121284
118698
115926
114160
111758
109935
107014
105761
102947
101264
99461
97394
95714
93769
92406
90689
88572
87376
84893
84425
82408
81229
79194
77664
76553
74814
74589
72696
71506
69965
68857
67837
66819
64972
64532
63368
62244
61315
60577
58783
58133
57432
56847
55502
54913
53721
52868
52154
51299
49975
49770
49233
48206
47177
46783
46307
46003
44775
43873
43544
42610
42543
41664
40897
40584
39849
39680
38799
38362
37558
37084
36604
36524
35210
35530
34764
34061
33885
33254
33330
32516
32271
31342
31196
30864
30462
30175
29841
29336
29079
29098
28411
28204
27613
26886
27180
26589
26411
24513
25958
25482
25277
24894
24550
24223
24212
23719
23278
23427
23269
22870
22591
21935
21974
21711
21203
20939
21016
21010
20376
20447
20182
20132
19582
19414
19107
19193
18969
18648
18394
18465
18112
17890
17637
17506
17533
17428
17180
16826
16985
16771
16481
16208
15964
16017
15593
15516
15706
15116
15098
14960
14768
14726
14704
14509
14337
14556
13987
13962
13773
13700
13523
13441
13290
13015
12976
13218
13024
12679
12382
12679
12335
12274
12260
12105
11901
11724
11886
11504
11479
11423
11242
11353
10970
11045
10825
10796
10741
10666
10703
10311
10435
10231
10094
10333
10032
9905
9914
9778
9579
9627
9648
9611
9413
9312
9188
9129
9234
8966
8923
8899
8775
8676
8486
8580
8595
8473
8278
8339
8235
8125
8183
8111
7927
7874
7789
7777
7634
7745
7683
7519
7387
7438
7240
7367
7116
7258
7223
7073
7036
7014
6748
6744
6950
6696
6684
6723
6814
6614
6573
6275
6488
6301
6445
6150
6028
6174
6010
5981
6073
5958
5917
6011
5931
5798
5774
5719
5621
5698
5439
5502
5464
5508
5482
5428
5223
5276
5180
5339
5175
5086
5135
5094
5056
4996
4902
4836
4794
4858
4728
4799
4718
4723
4719
4598
4645
4483
4425
4499
4544
4465
4404
4455
4201
4282
4244
4315
4222
4249
4125
4157
4126
3911
4121
4049
4048
3978
4134
3829
4067
3995
3892
3870
3891
3779
3910
3714
3735
3706
3649
3668
3570
3620
3506
3494
3512
3491
3474
3514
3376
3324
3387
3245
3336
3336
3262
3305
3220
3207
3263
3148
3140
3155
3104
2674
3130
3061
2969
3018
3081
2943
3014
2925
2969
2877
2921
2821
2785
2881
2827
2831
2729
2794
2724
2641
2643
2687
2671
2762
2574
2560
2625
2631
2506
2644
2640
2570
2577
2582
2528
2502
2418
2277
2521
2420
2344
2343
2364
2361
2354
2253
2387
2308
2253
2193
2271
2271
2162
2186
2211
2198
2218
2126
2132
2066
2123
2047
2131
2104
2084
2155
1990
2052
1934
1960
1985
1953
2038
2029
1946
1927
1833
1823
1804
1826
1948
1816
1837
1876
1768
1752
1720
1787
1798
1796
1856
1809
1773
1779
1747
1718
1777
1710
1746
1647
1657
1665
1650
1687
1670
1693
1640
1701
1547
1681
1596
1638
1579
1650
1541
1524
1533
1550
1452
1509
1506
1515
1533
1516
1467
1526
1467
1477
1466
1423
1495
1400
1437
1471
1415
1406
1315
1390
1312
1393
1377
1414
1407
1340
1281
1320
1412
1282
1285
1341
1246
1402
1329
1305
1215
1254
1217
1287
1293
1276
1210
1230
1187
1253
1219
1180
1227
1237
1195
1168
1182
1171
1204
1157
1217
1152
1102
1099
1091
1159
1103
1053
1064
1084
1141
1102
1110
1160
1058
1063
1087
1052
1082
1050
1090
1061
1049
1058
996
1023
1006
1050
1051
1003
1015
1037
1052
1082
979
927
1090
960
1029
979
969
951
948
984
955
965
926
946
957
960
946
988
961
938
927
944
890
862
892
906
882
913
885
849
869
884
870
917
900
872
801
897
848
839
863
851
806
829
830
834
842
798
831
799
808
801
780
824
782
777
783
831
813
773
764
802
782
771
825
720
786
738
758
754
762
785
800
758
742
750
781
737
747
739
743
731
700
682
701
716
667
789
775
686
690
675
702
684
672
696
687
686
660
690
718
706
717
678
706
680
691
674
676
618
677
666
684
696
655
627
651
640
645
608
647
629
657
642
626
624
641
651
646
612
658
603
632
618
611
637
612
579
618
594
608
610
627
577
613
602
600
608
616
613
640
606
593
596
593
578
593
593
607
554
545
564
550
552
563
555
587
569
562
563
564
581
559
594
551
493
520
527
537
537
509
531
538
548
513
530
520
562
527
533
512
531
506
527
478
543
508
512
508
533
526
505
502
540
465
534
475
506
480
483
517
504
535
469
530
541
451
460
496
525
479
501
480
461
522
493
476
467
492
472
500
505
505
472
470
455
476
478
474
428
472
426
496
451
488
459
492
439
454
445
465
472
436
460
428
435
436
444
418
474
423
454
421
418
446
425
445
417
401
436
434
448
436
451
453
443
399
409
411
441
430
427
423
412
420
411
389
411
444
406
411
395
383
387
389
373
418
453
411
355
382
409
427
302
380
389
413
417
377
403
407
382
361
416
410
381
401
371
395
369
390
383
389
394
350
433
386
354
372
353
376
376
369
354
367
360
368
383
364
379
383
355
368
379
368
331
348
359
356
342
358
341
324
374
321
324
383
348
371
364
347
377
339
337
324
328
363
324
317
361
343
364
360
328
327
371
364
357
324
334
335
322
335
358
334
348
327
343
316
332
350
305
346
306
334
325
339
353
321
278
326
309
308
314
341
311
352
339
286
298
333
294
298
338
308
328
315
317
295
343
312
308
298
299
315
271
288
289
301
312
336
293
319
301
296
317
301
292
280
284
278
309
286
279
296
296
287
268
262
309
313
286
283
269
299
273
282
264
263
267
297
288
304
283
274
294
260
294
254
277
284
287
251
269
264
286
285
273
261
284
251
266
239
262
253
254
277
279
287
283
254
253
279
282
250
255
245
251
237
252
253
262
264
219
236
261
250
242
238
241
245
246
231
238
241
237
247
232
244
225
249
225
218
254
250
245
217
241
252
232
244
231
229
232
272
256
220
239
224
232
220
236
241
253
232
252
229
241
202
216
214
223
237
209
226
206
229
229
214
204
241
216
231
197
214
217
205
214
230
216
226
202
206
227
237
207
190
215
227
200
202
203
215
197
218
207
209
229
206
196
203
194
216
210
196
206
211
199
194
200
170
192
182
213
198
192
219
202
172
207
170
190
188
210
195
184
208
191
184
207
189
184
181
195
164
167
179
186
198
185
192
199
171
189
180
177
186
199
186
200
186
187
169
173
192
173
177
174
175
168
161
183
184
166
189
161
183
201
199
178
169
195
182
159
145
190
173
162
163
181
181
177
157
184
165
182
181
143
170
154
167
162
159
138
173
151
149
164
166
168
160
187
144
169
157
150
163
148
163
131
158
148
167
133
129
130
164
142
154
165
175
176
143
162
150
139
144
148
140
147
124
151
156
151
140
156
124
123
148
146
128
152
159
143
138
137
138
134
147
128
123
138
147
114
155
132
132
142
121
130
147
155
138
133
114
137
114
144
118
142
147
131
143
130
135
122
119
149
101
99
125
122
126
127
119
116
126
132
118
121
136
132
111
112
149
119
132
113
128
114
109
127
114
133
101
98
96
100
100
103
124
116
106
98
122
117
101
103
136
117
105
138
89
87
105
110
114
114
113
146
90
113
107
87
97
98
110
96
106
110
114
106
92
94
89
120
112
101
91
81
90
105
103
100
98
99
99
105
87
95
87
92
80
99
91
101
97
89
103
99
108
92
96
110
97
96
88
89
75
93
92
107
99
97
89
87
82
74
78
81
96
96
85
86
74
70
88
87
86
82
82
82
92
69
72
87
76
98
91
90
79
89
84
94
81
75
81
81
98
94
74
85
74
82
76
89
70
65
82
90
74
68
85
92
80
59
72
84
66
77
61
75
98
67
74
88
92
62
83
75
74
83
80
61
67
75
80
76
69
66
68
83
54
64
70
89
75
70
73
66
75
72
49
47
69
79
65
62
71
57
65
51
67
59
79
60
48
61
62
63
53
59
66
50
63
70
75
59
74
61
61
62
50
64
57
66
56
51
64
60
50
56
41
76
68
65
73
62
57
67
47
58
52
63
53
71
58
55
56
50
58
54
50
60
62
64
58
56
61
46
59
45
55
56
56
58
56
63
44
52
57
53
51
60
47
60
45
56
49
47
52
63
47
45
62
46
44
49
37
54
35
67
43
55
46
44
51
37
50
57
40
37
39
35
37
52
53
49
53
48
44
46
41
42
43
61
35
44
40
53
38
48
42
43
48
53
54
40
48
48
41
45
54
40
45
41
45
50
33
37
34
49
43
33
41
43
51
54
44
46
33
52
38
37
40
41
33
45
34
34
42
31
29
54
32
39
34
28
47
36
40
25
37
30
42
40
44
37
25
35
38
60
38
49
28
27
35
33
37
41
30
43
33
37
29
41
24
36
28
36
38
36
37
34
35
35
27
46
37
38
20
32
38
49
29
46
40
32
41
33
42
24
31
29
33
34
31
40
41
28
27
22
37
39
32
35
34
24
33
35
31
25
43
39
30
37
31
31
40
43
30
33
32
30
30
28
27
24
35
28
26
28
32
29
27
33
33
26
19
27
36
24
30
26
24
28
27
29
17
27
31
31
24
30
20
30
31
24
27
20
25
27
27
32
25
43
16
23
27
30
28
27
25
26
20
33
18
26
30
24
34
27
31
30
27
28
27
34
26
27
20
18
21
29
15
17
35
24
38
29
16
27
31
22
27
34
17
22
20
24
31
19
22
22
16
39
17
18
29
31
24
20
21
23
22
25
18
33
0
50
0
53
0
49
0
61
0
51
0
53
0
42
0
38
0
53
0
40
0
43
0
38
0
39
0
37
0
45
0
44
0
38
0
40
0
31
0
47
0
36
0
40
0
33
0
43
0
37
0
32
0
38
0
48
0
37
0
31
0
34
0
29
0
40
0
34
0
42
0
42
0
38
0
32
0
40
0
34
0
33
0
49
0
24
0
40
0
35
0
40
0
33
0
35
0
46
0
24
0
28
0
34
0
34
0
26
0
29
0
36
0
33
0
35
0
45
0
22
0
31
0
29
0
39
0
29
0
39
0
34
0
34
0
41
0
30
0
36
0
32
0
31
0
30
0
30
0
32
0
27
0
31
0
29
0
22
0
25
0
24
0
34
0
27
0
26
0
30
0
32
0
18
0
33
0
34
0
32
0
29
0
32
0
32
0
26
0
35
0
26
0
21
0
34
0
23
0
25
0
19
0
25
0
30
0
13
0
29
0
25
0
25
0
25
0
32
0
31
0
34
0
21
0
30
0
28
0
35
0
32
0
25
0
23
0
32
0
26
0
31
0
25
0
22
0
22
0
31
0
15
0
22
0
24
0
34
0
27
0
27
0
19
0
31
0
24
0
18
0
33
0
32
0
29
0
24
0
24
0
20
0
14
0
22
0
16
0
20
0
16
0
31
0
17
0
29
0
15
0
24
0
18
0
19
0
19
0
18
0
24
0
22
0
19
0
29
0
22
0
25
0
19
0
12
0
20
0
13
0
18
0
19
0
33
0
27
0
15
0
17
0
11
0
20
0
20
0
22
0
19
0
29
0
17
0
17
0
21
0
12
0
26
0
18
0
19
0
17
0
16
0
19
0
26
0
27
0
16
0
16
0
22
0
21
0
14
0
21
0
14
0
19
0
24
0
24
0
27
0
21
0
15
0
14
0
24
0
20
0
18
0
22
0
26
0
18
0
20
0
13
0
18
0
18
0
21
0
20
0
20
0
13
0
23
0
17
0
17
0
15
0
19
0
13
0
19
0
22
0
11
0
20
0
19
0
28
0
17
0
17
0
16
0
15
0
21
0
16
0
16
0
21
0
20
0
15
0
18
0
18
0
20
0
24
0
19
0
18
0
19
0
14
0
15
0
13
0
14
0
11
0
15
0
13
0
8
0
19
0
17
0
16
0
16
0
23
0
23
0
16
0
19
0
10
0
26
0
17
0
8
0
10
0
15
0
14
0
15
0
21
0
15
0
17
0
22
0
17
0
15
0
15
0
12
0
4
0
15
0
16
0
10
0
11
0
10
0
10
0
11
0
20
0
10
0
13
0
18
0
9
0
11
0
16
0
11
0
14
0
11
0
9
0
17
0
13
0
8
0
8
0
14
0
17
0
9
0
8
0
16
0
20
0
10
0
13
0
11
0
11
0
11
0
12
0
6
0
12
0
8
0
10
0
13
0
14
0
7
0
9
0
15
0
13
0
12
0
9
0
12
0
12
0
13
0
15
0
9
0
11
0
10
0
6
0
12
0
9
0
20
0
9
0
9
0
9
0
14
0
15
0
10
0
10
0
9
0
11
0
8
0
9
0
11
0
10
0
13
0
10
0
8
0
13
0
11
0
8
0
12
0
8
0
13
0
7
0
9
0
11
0
8
0
9
0
10
0
12
0
12
0
12
0
16
0
11
0
13
0
4
0
12
0
3
0
11
0
10
0
10
0
8
0
14
0
11
0
12
0
10
0
10
0
9
0
10
0
12
0
8
0
11
0
8
0
10
0
5
0
10
0
8
0
8
0
8
0
11
0
10
0
8
0
8
0
10
0
10
0
9
0
10
0
10
0
6
0
12
0
5
0
8
0
6
0
7
0
12
0
8
0
8
0
6
0
8
0
9
0
10
0
3
0
8
0
8
0
8
0
10
0
11
0
6
0
1
0
5
0
11
0
7
0
6
0
8
0
11
0
9
0
8
0
15
0
8
0
10
0
5
0
8
0
9
0
9
0
3
0
4
0
6
0
5
0
8
0
8
0
12
0
13
0
8
0
8
0
6
0
4
0
10
0
7
0
7
0
4
0
8
0
9
0
9
0
10
0
11
0
6
0
11
0
8
0
5
0
5
0
7
0
12
0
4
0
6
0
10
0
6
0
7
0
9
0
8
0
11
0
5
0
11
0
8
0
6
0
4
0
8
0
8
0
8
0
9
0
10
0
8
0
9
0
6
0
8
0
6
0
6
0
12
0
4
0
12
0
10
0
8
0
5
0
7
0
7
0
13
0
7
0
9
0
5
0
3
0
5
0
3
0
10
0
4
0
10
0
5
0
7
0
5
0
7
0
9
0
6
0
6
0
5
0
5
0
8
0
6
0
5
0
11
0
8
0
9
0
4
0
8
0
4
0
8
0
5
0
8
0
6
0
4
0
8
0
8
0
6
0
5
0
5
0
11
0
8
0
3
0
5
0
3
0
6
0
5
0
7
0
8
0
10
0
3
0
5
0
6
0
5
0
7
0
10
0
9
0
3
0
8
0
4
0
4
0
3
0
3
0
11
0
7
0
6
0
3
0
4
0
8
0
5
0
10
0
3
0
4
0
9
0
10
0
7
0
2
0
9
0
8
0
8
0
5
0
5
0
7
0
8
0
7
0
6
0
5
0
11
0
6
0
10
0
5
0
7
0
9
0
6
0
7
0
5
0
5
0
8
0
6
0
4
0
3
0
5
0
5
0
4
0
6
0
4
0
5
0
5
0
7
0
7
0
1
0
3
0
6
0
6
0
2
0
4
0
7
0
5
0
1
0
7
0
6
0
1
0
5
0
3
0
6
0
9
0
9
0
3
0
5
0
3
0
9
0
5
0
6
0
6
0
6
0
7
0
6
0
2
0
4
0
4
0
4
0
3
0
3
0
8
0
6
0
5
0
5
0
4
0
1
0
7
0
8
0
6
0
8
0
5
0
7
0
4
0
7
0
5
0
6
0
4
0
3
0
3
0
11
0
3
0
7
0
2
0
7
0
6
0
4
0
5
0
2
0
3
0
5
0
6
0
3
0
6
0
3
0
6
0
6
0
8
0
7
0
3
0
3
0
7
0
5
0
5
0
5
0
10
0
2
0
1
0
3
0
2
0
2
0
1
0
8
0
4
0
6
0
4
0
4
0
2
0
4
0
2
0
7
0
4
0
10
0
4
0
6
0
8
0
3
0
3
0
9
0
6
0
8
0
3
0
4
0
3
0
3
0
6
0
6
0
4
0
4
0
3
0
3
0
4
0
2
0
3
0
2
0
6
0
4
0
8
0
2
0
2
0
3
0
4
0
7
0
4
0
2
0
8
0
2
0
4
0
5
0
3
0
3
0
4
0
1
0
5
0
7
0
2
0
4
0
4
0
4
0
7
0
9
0
3
0
0
0
4
0
3
0
4
0
6
0
2
0
4
0
3
0
2
0
3
0
6
0
5
0
2
0
7
0
5
0
5
0
8
0
4
0
3
0
4
0
4
0
3
0
5
0
4
0
3
0
2
0
2
0
4
0
5
0
2
0
3
0
2
0
5
0
3
0
2
0
3
0
3
0
4
0
3
0
3
0
1
0
4
0
2
0
6
0
4
0
3
0
1
0
4
0
5
0
4
0
4
0
6
0
2
0
1
0
0
0
2
0
6
0
7
0
2
0
4
0
0
0
5
0
1
0
2
0
2
0
5
0
3
0
0
0
2
0
3
0
3
0
4
0
6
0
3
0
2
0
8
0
3
0
0
0
2
0
3
0
2
0
3
0
2
0
5
0
2
0
3
0
1
0
4
0
2
0
3
0
3
0
1
0
1
0
4
0
3
0
1
0
3
0
4
0
5
0
2
0
3
0
4
0
3
0
4
0
5
0
6
0
1
0
6
0
3
0
2
0
5
0
2
0
0
0
1
0
3
0
4
0
2
0
3
0
1
0
7
0
4
0
6
0
1
0
5
0
5
0
1
0
4
0
4
0
9
0
1
0
7
0
3
0
3
0
7
0
3
0
0
0
3
0
1
0
5
0
2
0
2
0
3
0
5
0
8
0
0
0
4
0
3
0
5
0
3
0
3
0
3
0
4
0
4
0
3
0
2
0
3
0
0
0
1
0
4
0
3
0
3
0
3
0
2
0
3
0
3
0
4
0
1
0
1
0
3
0
2
0
2
0
1
0
2
0
4
0
5
0
5
0
3
0
3
0
3
0
2
0
3
0
5
0
5
0
3
0
3
0
2
0
2
0
4
0
2
0
1
0
2
0
2
0
6
0
2
0
2
0
1
0
2
0
6
0
4
0
3
0
4
0
2
0
1
0
2
0
0
0
2
0
2
0
2
0
3
0
5
0
3
0
1
0
3
0
5
0
6
0
1
0
1
0
1
0
4
0
5
0
1
0
0
0
0
0
2
0
1
0
0
0
5
0
2
0
4
0
1
0
2
0
4
0
2
0
1
0
1
0
3
0
3
0
4
0
2
0
2
0
2
0
1
0
1
0
1
0
2
0
3
0
3
0
4
0
1
0
3
0
5
0
3
0
3
0
3
0
1
0
2
0
5
0
3
0
2
0
3
0
2
0
3
0
3
0
0
0
3
0
2
0
2
0
3
0
0
0
2
0
2
0
1
0
4
0
0
0
1
0
0
0
1
0
0
0
9
0
0
0
2
0
0
0
5
0
0
0
7
0
0
0
2
0
0
0
4
0
0
0
4
0
0
0
3
0
0
0
2
0
0
0
6
0
0
0
5
0
0
0
4
0
0
0
5
0
0
0
3
0
0
0
4
0
0
0
3
0
0
0
3
0
0
0
5
0
0
0
3
0
0
0
3
0
0
0
9
0
0
0
2
0
0
0
4
0
0
0
5
0
0
0
5
0
0
0
2
0
0
0
5
0
0
0
2
0
0
0
3
0
0
0
3
0
0
0
3
0
0
0
8
0
0
0
4
0
0
0
4
0
0
0
7
0
0
0
5
0
0
0
1
0
0
0
2
0
0
0
2
0
0
0
1
0
0
0
2
0
0
0
1
0
0
0
3
0
0
0
3
0
0
0
5
0
0
0
4
0
0
0
4
0
0
0
1
0
0
0
7
0
0
0
3
0
0
0
5
0
0
0
2
0
0
0
2
0
0
0
3
0
0
0
1
0
0
0
0
0
0
0
4
0
0
0
2
0
0
0
6
0
0
0
6
0
0
0
4
0
0
0
0
0
0
0
3
0
0
0
1
0
0
0
4
0
0
0
4
0
0
0
3
0
0
0
2
0
0
0
2
0
0
0
1
0
0
0
2
0
0
0
3
0
0
0
0
0
0
0
2
0
0
0
4
0
0
0
2
0
0
0
6
0
0
0
1
0
0
0
1
0
0
0
2
0
0
0
1
0
0
0
2
0
0
0
4
0
0
0
2
0
0
0
3
0
0
0
5
0
0
0
7
0
0
0
3
0
0
0
4
0
0
0
3
0
0
0
2
0
0
0
1
0
0
0
4
0
0
0
4
0
0
0
3
0
0
0
1
0
0
0
0
0
0
0
2
0
0
0
3
0
0
0
2
0
0
0
5
0
0
0
3
0
0
0
5
0
0
0
4
0
0
0
2
0
0
0
5
0
0
0
3
0
0
0
5
0
0
0
0
0
0
0
4
0
0
0
3
0
0
0
2
0
0
0
5
0
0
0
4
0
0
0
5
0
0
0
1
0
0
0
2
0
0
0
7
0
0
0
5
0
0
0
5
0
0
0
5
0
0
0
1
0
0
0
4
0
0
0
2
0
0
0
2
0
0
0
1
0
0
0
1
0
0
0
2
0
0
0
2
0
0
0
1
0
0
0
2
0
0
0
2
0
0
0
3
0
0
0
2
0
0
0
4
0
0
0
5
0
0
0
1
0
0
0
3
0
0
0
2
0
0
0
2
0
0
0
2
0
0
0
3
0
0
0
2
0
0
0
5
0
0
0
6
0
0
0
3
0
0
0
2
0
0
0
2
0
0
0
5
0
0
0
2
0
0
0
3
0
0
0
6
0
0
0
2
0
0
0
3
0
0
0
4
0
0
0
2
0
0
0
1
0
0
0
2
0
0
0
1
0
0
0
1
0
0
0
4
0
0
0
3
0
0
0
1
0
0
0
2
0
0
0
2
0
0
0
2
0
0
0
4
0
0
0
1
0
0
0
1
0
0
0
1
0
0
0
1
0
0
0
1
0
0
0
2
0
0
0
0
0
0
0
1
0
0
0
4
0
0
0
4
0
0
0
3
0
0
0
4
0
0
0
3
0
0
0
1
0
0
0
2
0
0
0
5
0
0
0
3
0
0
0
3
0
0
0
1
0
0
0
3
0
0
0
2
0
0
0
5
0
0
0
4
0
0
0
1
0
0
0
3
0
0
0
0
0
0
0
6
0
0
0
2
0
0
0
1
0
0
0
1
0
0
0
6
0
0
0
0
0
0
0
4
0
0
0
0
0
0
0
1
0
0
0
3
0
0
0
2
0
0
0
2
0
0
0
1
0
0
0
3
0
0
0
1
0
0
0
3
0
0
0
3
0
0
0
3
0
0
0
1
0
0
0
3
0
0
0
1
0
0
0
1
0
0
0
0
0
0
0
1
0
0
0
2
0
0
0
1
0
0
0
1
0
0
0
5
0
0
0
1
0
0
0
3
0
0
0
0
0
0
0
0
0
0
0
2
0
0
0
0
0
0
0
0
0
0
0
2
0
0
0
3
0
0
0
0
0
0
0
3
0
0
0
1
0
0
0
0
0
0
0
3
0
0
0
2
0
0
0
5
0
0
0
2
0
0
0
1
0
0
0
2
0
0
0
1
0
0
0
2
0
0
0
1
0
0
0
3
0
0
0
3
0
0
0
0
0
0
0
4
0
0
0
3
0
0
0
3
0
0
0
1
0
0
0
1
0
0
0
2
0
0
0
2
0
0
0
3
0
0
0
2
0
0
0
0
0
0
0
0
0
0
0
1
0
0
0
3
0
0
0
3
0
0
0
3
0
0
0
1
0
0
0
0
0
0
0
2
0
0
0
1
0
0
0
0
0
0
0
2
0
0
0
1
0
0
0
0
0
0
0
6
0
0
0
3
0
0
0
3
0
0
0
0
0
0
0
3
0
0
0
3
0
0
0
1
0
0
0
3
0
0
0
2
0
0
0
2
0
0
0
1
0
0
0
1
0
0
0
0
0
0
0
0
0
0
0
1
0
0
0
2
0
0
0
2
0
0
0
0
0
0
0
2
0
0
0
1
0
0
0
2
0
0
0
1
0
0
0
4
0
0
0
0
0
0
0
5
0
0
0
3
0
0
0
2
0
0
0
2
0
0
0
1
0
0
0
1
0
0
0
2
0
0
0
2
0
0
0
1
0
0
0
0
0
0
0
3
0
0
0
0
0
0
0
2
0
0
0
3
0
0
0
0
0
0
0
2
0
0
0
1
0
0
0
2
0
0
0
4
0
0
0
1
0
0
0
0
0
0
0
3
0
0
0
2
0
0
0
0
0
0
0
1
0
0
0
1
0
0
0
2
0
0
0
3
0
0
0
1
0
0
0
2
0
0
0
0
0
0
0
0
0
0
0
1
0
0
0
2
0
0
0
2
0
0
0
1
0
0
0
1
0
0
0
2
0
0
0
0
0
0
0
1
0
0
0
3
0
0
0
3
0
0
0
2
0
0
0
0
0
0
0
2
0
0
0
3
0
0
0
1
0
0
0
1
0
0
0
1
0
0
0
2
0
0
0
4
0
0
0
0
0
0
0
1
0
0
0
1
0
0
0
1
0
0
0
0
0
0
0
1
0
0
0
0
0
0
0
1
0
0
0
2
0
0
0
2
0
0
0
2
0
0
0
2
0
0
0
1
0
0
0
2
0
0
0
2
0
0
0
0
0
0
0
0
0
0
0
2
0
0
0
1
0
0
0
2
0
0
0
6
0
0
0
0
0
0
0
2
0
0
0
1
0
0
0
3
0
0
0
2
0
0
0
2
0
0
0
1
0
0
0
2
0
0
0
2
0
0
0
1
0
0
0
0
0
0
0
1
0
0
0
1
0
0
0
1
0
0
0
4
0
0
0
3
0
0
0
0
0
0
0
0
0
0
0
0
0
0
0
2
0
0
0
2
0
0
0
1
0
0
0
0
0
0
0
1
0
0
0
3
0
0
0
3
0
0
0
2
0
0
0
0
0
0
0
1
0
0
0
1
0
0
0
0
0
0
0
0
0
0
0
2
0
0
0
1
0
0
0
2
0
0
0
1
0
0
0
1
0
0
0
0
0
0
0
0
0
0
0
2
0
0
0
2
0
0
0
2
0
0
0
0
0
0
0
0
0
0
0
1
0
0
0
1
0
0
0
2
0
0
0
1
0
0
0
1
0
0
0
1
0
0
0
1
0
0
0
0
0
0
0
1
0
0
0
3
0
0
0
1
0
0
0
0
0
0
0
1
0
0
0
1
0
0
0
2
0
0
0
2
0
0
0
2
0
0
0
0
0
0
0
2
0
0
0
0
0
0
0
2
0
0
0
0
0
0
0
0
0
0
0
0
0
0
0
0
0
0
0
1
0
0
0
0
0
0
0
0
0
0
0
2
0
0
0
2
0
0
0
2
0
0
0
1
0
0
0
0
0
0
0
1
0
0
0
1
0
0
0
0
0
0
0
3
0
0
0
1
0
0
0
0
0
0
0
1
0
0
0
3
0
0
0
0
0
0
0
2
0
0
0
0
0
0
0
0
0
0
0
1
0
0
0
1
0
0
0
0
0
0
0
0
0
0
0
2
0
0
0
0
0
0
0
1
0
0
0
0
0
0
0
3
0
0
0
2
0
0
0
2
0
0
0
1
0
0
0
0
0
0
0
2
0
0
0
0
0
0
0
2
0
0
0
0
0
0
0
2
0
0
0
0
0
0
0
1
0
0
0
0
0
0
0
1
0
0
0
1
0
0
0
1
0
0
0
0
0
0
0
0
0
0
0
1
0
0
0
3
0
0
0
1
0
0
0
1
0
0
0
3
0
0
0
0
0
0
0
3
0
0
0
1
0
0
0
2
0
0
0
0
0
0
0
0
0
0
0
2
0
0
0
2
0
0
0
2
0
0
0
1
0
0
0
2
0
0
0
1
0
0
0
2
0
0
0
0
0
0
0
0
0
0
0
1
0
0
0
1
0
0
0
0
0
0
0
0
0
0
0
1
0
0
0
2
0
0
0
2
0
0
0
2
0
0
0
1
0
0
0
2
0
0
0
2
0
0
0
0
0
0
0
1
0
0
0
0
0
0
0
0
0
0
0
1
0
0
0
3
0
0
0
0
0
0
0
2
0
0
0
0
0
0
0
1
0
0
0
0
0
0
0
2
0
0
0
0
0
0
0
1
0
0
0
0
0
0
0
0
0
0
0
1
0
0
0
2
0
0
0
1
0
0
0
0
0
0
0
1
0
0
0
1
0
0
0
0
0
0
0
3
0
0
0
0
0
0
0
0
0
0
0
1
0
0
0
1
0
0
0
0
0
0
0
2
0
0
0
2
0
0
0
1
0
0
0
1
0
0
0
0
0
0
0
1
0
0
0
0
0
0
0
0
0
0
0
1
0
0
0
0
0
0
0
0
0
0
0
0
0
0
0
1
0
0
0
0
0
0
0
0
0
0
0
0
0
0
0
0
0
0
0
0
0
0
0
0
0
0
0
3
0
0
0
1
0
0
0
1
0
0
0
1
0
0
0
3
0
0
0
2
0
0
0
2
0
0
0
2
0
0
0
1
0
0
0
3
0
0
0
1
0
0
0
3
0
0
0
1
0
0
0
1
0
0
0
1
0
0
0
0
0
0
0
0
0
0
0
1
0
0
0
1
0
0
0
1
0
0
0
0
0
0
0
0
0
0
0
2
0
0
0
0
0
0
0
3
0
0
0
0
0
0
0
1
0
0
0
2
0
0
0
1
0
0
0
2
0
0
0
1
0
0
0
0
0
0
0
1
0
0
0
0
0
0
0
0
0
0
0
2
0
0
0
1
0
0
0
1
0
0
0
2
0
0
0
0
0
0
0
0
0
0
0
0
0
0
0
0
0
0
0
1
0
0
0
1
0
0
0
2
0
0
0
0
0
0
0
0
0
0
0
0
0
0
0
1
0
0
0
0
0
0
0
1
0
0
0
2
0
0
0
0
0
0
0
1
0
0
0
3
0
0
0
2
0
0
0
0
0
0
0
2
0
0
0
1
0
0
0
1
0
0
0
1
0
0
0
0
0
0
0
1
0
0
0
1
0
0
0
1
0
0
0
0
0
0
0
2
0
0
0
1
0
0
0
0
0
0
0
0
0
0
0
0
0
0
0
0
0
0
0
0
0
0
0
2
0
0
0
1
0
0
0
2
0
0
0
0
0
0
0
1
0
0
0
0
0
0
0
1
0
0
0
1
0
0
0
1
0
0
0
3
0
0
0
1
0
0
0
0
0
0
0
2
0
0
0
0
0
0
0
0
0
0
0
1
0
0
0
0
0
0
0
2
0
0
0
1
0
0
0
0
0
0
0
1
0
0
0
1
0
0
0
1
0
0
0
1
0
0
0
1
0
0
0
0
0
0
0
1
0
0
0
1
0
0
0
0
0
0
0
2
0
0
0
1
0
0
0
0
0
0
0
1
0
0
0
1
0
0
0
0
0
0
0
0
0
0
0
0
0
0
0
2
0
0
0
0
0
0
0
0
0
0
0
0
0
0
0
0
0
0
0
1
0
0
0
1
0
0
0
0
0
0
0
1
0
0
0
0
0
0
0
1
0
0
0
0
0
0
0
0
0
0
0
0
0
0
0
1
0
0
0
3
0
0
0
0
0
0
0
0
0
0
0
1
0
0
0
2
0
0
0
1
0
0
0
0
0
0
0
1
0
0
0
0
0
0
0
1
0
0
0
1
0
0
0
0
0
0
0
0
0
0
0
0
0
0
0
2
0
0
0
0
0
0
0
0
0
0
0
0
0
0
0
1
0
0
0
1
0
0
0
1
0
0
0
0
0
0
0
1
0
0
0
1
0
0
0
0
0
0
0
0
0
0
0
0
0
0
0
0
0
0
0
1
0
0
0
1
0
0
0
2
0
0
0
1
0
0
0
1
0
0
0
0
0
0
0
0
0
0
0
0
0
0
0
0
0
0
0
1
0
0
0
0
0
0
0
1
0
0
0
0
0
0
0
2
0
0
0
0
0
0
0
0
0
0
0
0
0
0
0
1
0
0
0
0
0
0
0
0
0
0
0
1
0
0
0
2
0
0
0
1
0
0
0
1
0
0
0
0
0
0
0
0
0
0
0
0
0
0
0
0
0
0
0
3
0
0
0
1
0
0
0
1
0
0
0
0
0
0
0
0
0
0
0
1
0
0
0
0
0
0
0
0
0
0
0
0
0
0
0
0
0
0
0
1
0
0
0
0
0
0
0
0
0
0
0
0
0
0
0
1
0
0
0
1
0
0
0
0
0
0
0
1
0
0
0
0
0
0
0
0
0
0
0
0
0
0
0
0
0
0
0
1
0
0
0
0
0
0
0
0
0
0
0
1
0
0
0
0
0
0
0
2
0
0
0
1
0
0
0
1
0
0
0
0
0
0
0
1
0
0
0
0
0
0
0
0
0
0
0
1
0
0
0
1
0
0
0
1
0
0
0
1
0
0
0
1
0
0
0
1
0
0
0
0
0
0
0
0
0
0
0
0
0
0
0
0
0
0
0
0
0
0
0
0
0
0
0
1
0
0
0
1
0
0
0
1
0
0
0
0
0
0
0
1
0
0
0
0
0
0
0
0
0
0
0
0
0
0
0
0
0
0
0
0
0
0
0
0
0
0
0
0
0
0
0
0
0
0
0
2
0
0
0
1
0
0
0
0
0
0
0
0
0
0
0
0
0
0
0
0
0
0
0
0
0
0
0
0
0
0
0
0
0
0
0
0
0
0
0
0
0
0
0
0
0
0
0
0
0
0
0
0
0
0
0
0
0
0
0
0
0
0
0
0
0
0
0
0
0
0
0
0
0
0
0
0
0
0
0
1
0
0
0
0
0
0
0
0
0
0
0
0
0
0
0
1
0
0
0
0
0
0
0
1
0
0
0
2
0
0
0
0
0
0
0
0
0
0
0
0
0
0
0
0
0
0
0
0
0
0
0
0
0
0
0
0
0
0
0
1
0
0
0
0
0
0
0
1
0
0
0
0
0
0
0
0
0
0
0
0
0
0
0
1
0
0
0
0
0
0
0
0
0
0
0
2
0
0
0
0
0
0
0
0
0
0
0
1
0
0
0
0
0
0
0
1
0
0
0
1
0
0
0
1
0
0
0
0
0
0
0
0
0
0
0
0
0
0
0
0
0
0
0
1
0
0
0
0
0
0
0
1
0
0
0
0
0
0
0
1
0
0
0
0
0
0
0
1
0
0
0
0
0
0
0
1
0
0
0
0
0
0
0
0
0
0
0
0
0
0
0
0
0
0
0
0
0
0
0
0
0
0
0
0
0
0
0
0
0
0
0
0
0
0
0
0
0
0
0
0
0
0
0
0
0
0
0
0
0
0
0
1
0
0
0
0
0
0
0
1
0
0
0
1
0
0
0
0
0
0
0
0
0
0
0
0
0
0
0
0
0
0
0
0
0
0
0
1
0
0
0
0
0
0
0
0
0
0
0
0
0
0
0
0
0
0
0
0
0
0
0
0
0
0
0
0
0
0
0
0
0
0
0
0
0
0
0
0
0
0
0
0
0
0
0
0
0
0
0
0
0
0
0
0
0
0
0
0
0
0
0
0
0
0
0
1
0
0
0
0
0
0
0
1
0
0
0
0
0
0
0
0
0
0
0
0
0
0
0
0
0
0
0
0
0
0
0
1
0
0
0
0
0
0
0
1
0
0
0
1
0
0
0
0
0
0
0
0
0
0
0
0
0
0
0
0
0
0
0
0
0
0
0
0
0
0
0
0
0
0
0
0
0
0
0
0
0
0
0
1
0
0
0
0
0
0
0
0
0
0
0
0
0
0
0
0
0
0
0
0
0
0
0
0
0
0
0
1
0
0
0
0
0
0
0
1
0
0
0
0
0
0
0
0
0
0
0
1
0
0
0
0
0
0
0
0
0
0
0
0
0
0
0
0
0
0
0
0
0
0
0
1
0
0
0
0
0
0
0
0
0
0
0
0
0
0
0
1
0
0
0
0
0
0
0
0
0
0
0
0
0
0
0
0
0
0
0
0
0
0
0
0
0
0
0
0
0
0
0
0
0
0
0
0
0
0
0
0
0
0
0
0
0
0
0
0
0
0
0
0
0
0
0
0
0
0
0
0
0
0
0
0
0
0
0
0
0
0
0
0
0
0
0
1
0
0
0
1
0
0
0
0
0
0
0
0
0
0
0
0
0
0
0
0
0
0
0
0
0
0
0
0
0
0
0
1
0
0
0
0
0
0
0
0
0
0
0
2
0
0
0
0
0
0
0
0
0
0
0
0
0
0
0
1
0
0
0
0
0
0
0
1
0
0
0
0
0
0
0
0
0
0
0
0
0
0
0
0
0
0
0
0
0
0
0
0
0
0
0
0
0
0
0
0
0
0
0
0
0
0
0
0
0
0
0
0
0
0
0
0
0
0
0
0
0
0
0
0
0
0
0
0
0
0
0
0
0
0
0
1
0
0
0
1
0
0
0
1
0
0
0
1
0
0
0
0
0
0
0
0
0
0
0
0
0
0
0
0
0
0
0
0
0
0
0
0
0
0
0
0
0
0
0
0
0
0
0
0
0
0
0
1
0
0
0
1
0
0
0
0
0
0
0
0
0
0
0
0
0
0
0
0
0
0
0
1
0
0
0
0
0
0
0
0
0
0
0
0
0
0
0
0
0
0
0
0
0
0
0
0
0
0
0
0
0
0
0
0
0
0
0
0
0
0
0
1
0
0
0
0
0
0
0
0
0
0
0
0
0
0
0
0
0
0
0
0
0
0
0
1
0
0
0
0
0
0
0
0
0
0
0
0
0
0
0
0
0
0
0
0
0
0
0
0
0
0
0
0
0
0
0
1
0
0
0
0
0
0
0
1
0
0
0
0
0
0
0
1
0
0
0
0
0
0
0
0
0
0
0
0
0
0
0
0
0
0
0
0
0
0
0
1
0
0
0
0
0
0
0
0
0
0
0
0
0
0
0
0
0
0
0
0
0
0
0
1
0
0
0
0
0
0
0
0
0
0
0
0
0
0
0
0
0
0
0
0
0
0
0
1
0
0
0
0
0
0
0
1
0
0
0
0
0
0
0
0
0
0
0
0
0
0
0
0
0
0
0
0
0
0
0
0
0
0
0
0
0
0
0
0
0
0
0
0
0
0
0
0
0
0
0
0
0
0
0
0
0
0
0
0
0
0
0
0
0
0
0
0
0
0
0
0
0
0
0
0
0
0
0
0
0
0
0
0
0
0
0
0
0
0
0
0
0
0
0
0
0
0
0
0
0
0
0
0
0
0
0
0
0
0
0
0
0
0
0
0
0
0
0
0
0
0
0
0
0
0
0
0
0
0
0
0
0
0
0
0
0
0
0
0
0
0
0
0
0
0
0
0
0
0
0
0
0
0
0
0
0
0
0
0
0
0
0
0
0
0
0
0
0
0
0
0
0
0
0
0
0
0
0
0
0
0
0
1
0
0
0
0
0
0
0
0
0
0
0
0
0
0
0
0
0
0
0
0
0
0
0
1
0
0
0
0
0
0
0
0
0
0
0
0
0
0
0
0
0
0
0
0
0
0
0
0
0
0
0
0
0
0
0
0
0
0
0
0
0
0
0
0
0
0
0
0
0
0
0
0
0
0
0
0
0
0
0
0
0
0
0
0
0
0
0
0
0
0
0
0
0
0
0
0
0
0
0
0
0
0
0
1
0
0
0
0
0
0
0
0
0
0
0
0
0
0
0
0
0
0
0
0
0
0
0
0
0
0
0
0
0
0
0
0
0
0
0
0
0
0
0
0
0
0
0
0
0
0
0
0
0
0
0
0
0
0
0
0
0
0
0
0
0
0
0
0
0
0
0
0
0
0
0
0
0
0
0
0
0
0
0
0
0
0
0
0
0
0
0
0
0
0
0
0
0
0
0
0
0
0
0
0
0
0
0
0
0
0
0
0
0
0
0
0
0
0
0
0
0
0
0
0
0
0
0
0
0
0
0
0
0
0
0
0
0
0
0
0
0
0
0
0
0
0
0
0
0
0
0
0
0
0
0
0
0
0
0
0
0
0
0
0
0
0
0
0
0
0
0
0
0
0
0
0
0
0
0
0
0
0
0
0
0
0
0
0
0
0
0
0
0
0
0
0
0
0
0
0
0
0
0
0
0
0
0
0
0
0
0
0
0
0
0
0
0
0
0
0
0
0
0
0
0
0
0
0
0
0
0
0
0
0
0
0
0
0
0
0
0
0
0
0
0
0
0
0
0
0
0
0
0
0
0
0
0
0
0
0
0
0
0
0
0
0
0
0
0
0
0
0
0
0
0
0
0
0
0
0
0
0
0
1
0
0
0
0
0
0
0
0
0
0
0
0
0
0
0
0
0
0
0
0
0
0
0
0
0
0
0
0
0
0
0
0
0
0
0
0
0
0
0
0
0
0
0
0
0
0
0
0
0
0
0
0
0
0
0
0
0
0
0
0
0
0
0
0
0
0
0
0
0
0
0
0
0
0
0
0
0
0
0
0
0
0
0
0
0
0
0
0
0
0
0
0
0
0
0
0
0
0
0
0
0
0
0
0
0
0
0
0
0
0
0
0
0
0
0
0
0
0
0
0
0
0
0
0
0
0
0
0
0
0
0
0
0
0
0
0
0
0
0
0
0
0
0
0
0
0
0
0
0
0
0
0
0
0
0
0
0
0
0
0
0
0
0
0
0
0
0
0
0
0
0
0
0
0
0
0
0
0
0
0
0
0
0
0
0
0
0
0
0
0
0
0
0
0
0
0
0
0
0
0
0
0
0
0
0
0
0
0
0
0
0
0
0
0
0
0
0
0
0
0
0
0
0
0
0
0
0
0
0
0
0
0
0
0
0
0
0
0
0
0
0
0
0
0
0
0
0
0
0
0
0
0
0
0
0
0
0
0
0
0
0
0
0
0
0
0
0
0
0
0
0
0
0
0
0
0
0
0
0
0
0
0
0
0
0
0
0
0
0
0
0
0
0
0
0
0
0
0
0
0
0
0
0
0
0
0
0
0
0
0
0
0
0
0
0
0
0
0
0
0
0
0
0
0
0
0
0
0
0
0
0
0
0
0
0
0
0
0
0
0
0
0
0
0
0
0
0
0
0
0
0
0
0
0
0
0
0
0
0
0
0
0
0
0
0
0
0
0
0
0
0
0
0
0
0
0
0
0
0
0
0
0
0
0
0
0
0
0
0
0
0
0
0
0
0
0
0
0
0
0
0
0
0
0
0
0
0
0
0
0
0
0
0
0
0
0
0
0
0
0
0
0
0
0
0
0
0
0
0
0
0
0
0
0
0
0
0
0
0
0
0
0
0
0
0
0
0
0
0
0
0
0
0
0
0
0
0
0
0
0
0
0
0
0
0
0
0
0
0
0
0
0
0
0
0
0
0
0
0
0
0
0
0
0
0
0
0
0
0
0
0
0
0
0
0
0
0
0
0
0
0
0
0
0
0
0
0
0
0
0
0
0
0
0
0
0
0
0
0
0
0
0
0
0
0
0
0
0
0
0
0
0
0
0
0
0
0
0
0
0
0
0
0
0
0
0
0
0
0
0
0
0
0
0
0
0
0
0
0
0
0
0
0
0
0
0
0
0
0
0
0
0
0
0
0
0
0
0
0
0
0
0
0
1
0
0
0
0
0
0
0
0
0
0
0
0
0
0
0
0
0
0
0
0
0
0
0
0
0
0
0
0
0
0
0
0
0
0
0
0
0
0
0
0
0
0
0
0
0
0
0
0
0
0
0
0
0
0
0
0
0
0
0
0
0
0
0
0
0
0
0
0
0
0
0
0
0
0
0
0
0
0
0
0
0
0
0
0
0
0
0
1
0
0
0
0
0
0
0
0
0
0
0
0
0
0
0
0
0
0
0
0
0
0
0
0
0
0
0
0
0
0
0
0
0
0
0
0
0
0
0
0
0
0
0
0
0
0
0
0
0
0
0
0
0
0
0
0
0
0
0
0
0
0
0
0
0
0
0
0
0
0
0
0
0
0
0
0
0
0
0
0
0
0
0
0
0
0
0
0
0
0
0
0
0
0
0
0
0
0
0
0
0
0
0
0
0
0
0
0
0
0
0
0
0
0
0
0
0
0
0
0
0
0
0
0
0
0
0
0
0
0
0
0
0
0
0
0
0
0
0
0
0
0
0
0
0
0
0
0
0
0
0
0
0
0
0
0
0
0
0
0
0
0
0
0
0
0
0
0
0
0
0
0
0
0
0
0
0
0
0
0
0
0
0
0
0
0
0
0
0
0
0
0
0
0
0
0
0
0
0
0
0
0
0
0
0
0
0
0
0
0
0
0
0
0
0
0
0
0
0
0
0
0
0
0
0
0
0
0
0
0
0
0
0
0
0
0
0
0
0
0
0
0
0
0
0
0
0
0
0
0
0
0
0
0
0
0
0
0
0
0
0
0
0
0
0
0
0
0
0
0
0
0
0
0
0
0
0
0
0
0
0
0
0
0
0
0
0
0
0
0
0
0
0
0
0
0
0
0
0
0
0
0
0
0
0
0
0
0
0
0
0
0
0
0
0
0
0
0
0
0
0
0
0
0
0
0
0
0
0
0
0
0
0
0
0
0
0
0
0
0
0
0
0
0
0
0
0
0
0
0
0
0
0
0
0
0
0
0
0
1
0
0
0
0
0
0
0
0
0
0
0
0
0
0
0
0
0
0
0
0
0
0
0
0
0
0
0
0
0
0
0
0
0
0
0
0
0
0
0
0
0
0
0
0
0
0
0
0
0
0
0
0
0
0
0
0
0
0
0
0
0
0
0
0
0
0
0
0
0
0
0
0
0
0
0
0
0
0
0
0
0
0
0
0
0
0
0
0
0
0
0
0
0
0
0
0
0
0
0
0
0
0
0
0
0
0
0
0
0
0
0
0
0
0
0
0
0
0
0
0
0
0
0
0
0
0
0
0
0
0
0
0
0
0
0
0
0
0
0
0
0
0
0
0
0
0
0
0
0
0
0
0
0
0
0
0
0
0
0
0
0
0
0
0
0
0
0
0
0
0
0
0
0
0
0
0
0
0
0
0
0
0
0
0
0
0
0
0
0
0
0
0
0
0
0
0
0
0
0
0
0
0
0
0
0
0
0
0
0
0
0
0
0
0
0
0
0
0
0
0
0
0
0
0
0
0
0
0
0
0
0
0
0
0
0
0
0
0
0
0
0
0
0
0
0
0
0
0
0
0
0
0
0
0
0
0
0
0
0
0
0
0
0
0
0
0
0
0
0
0
0
0
0
0
0
0
0
0
0
0
0
0
0
0
0
0
0
0
0
0
0
0
0
0
0
0
0
0
0
0
0
0
0
0
0
0
0
0
0
0
0
0
0
0
0
0
0
0
0
0
0
0
0
0
0
0
0
0
0
0
0
0
0
0
0
0
0
0
0
0
0
0
0
0
0
0
0
0
0
0
0
0
0
0
0
0
0
0
0
0
0
0
0
0
0
0
0
0
0
0
0
0
0
0
0
0
0
0
0
0
0
0
0
0
0
0
0
0
0
0
0
0
0
0
0
0
0
0
0
0
0
0
0
0
0
0
0
0
0
0
0
0
0
0
0
0
0
0
0
0
0
0
0
0
0
0
0
0
0
0
0
0
0
0
0
0
0
0
0
0
0
0
0
0
0
0
0
0
0
0
0
0
0
0
0
0
0
0
0
0
0
0
0
0
0
0
0
0
0
0
0
0
0
0
0
0
0
0
0
0
0
0
0
0
0
0
0
0
0
0
0
0
0
0
0
0
0
0
0
0
0
0
0
0
0
0
0
0
0
0
0
0
0
0
0
0
0
0
0
0
0
0
0
0
0
0
0
0
0
0
0
0
0
0
0
0
0
0
0
0
0
0
0
0
0
0
0
0
0
0
0
0
0
0
0
0
0
0
0
0
0
0
0
0
0
0
0
0
0
0
0
0
0
0
0
0
0
0
0
0
0
0
0
0
0
0
0
0
0
0
0
0
0
0
0
0
0
0
0
0
0
0
0
0
0
0
0
0
0
0
0
0
0
0
0
0
0
0
0
0
0
0
0
0
0
0
0
0
0
0
0
0
0
0
0
0
0
0
0
0
0
0
0
0
0
0
0
0
0
0
0
0
0
0
0
0
0
0
0
0
0
0
0
0
0
0
0
0
0
0
0
0
0
0
0
0
0
0
0
0
0
0
0
0
0
0
0
0
0
0
0
0
0
0
0
0
0
0
0
0
0
0
0
0
0
0
0
0
0
0
0
0
0
0
0
0
0
0
0
0
0
0
0
0
0
0
0
0
0
0
0
0
0
0
0
0
0
0
0
0
0
0
0
0
0
0
0
0
0
0
0
0
0
0
0
0
0
0
0
0
0
0
0
0
0
0
0
0
0
0
0
0
0
0
0
0
0
0
0
0
0
0
0
0
0
0
0
0
0
0
0
0
0
0
0
0
0
0
0
0
0
0
0
0
0
0
0
0
0
0
0
0
0
0
0
0
0
0
0
0
0
0
0
0
0
0
0
0
0
0
0
0
0
0
0
0
0
0
0
0
0
0
0
0
0
0
0
0
0
0
0
0
0
0
0
0
0
0
0
0
0
0
0
0
0
0
0
0
0
0
0
0
0
0
0
0
0
0
0
0
0
0
0
0
0
0
0
0
0
0
0
0
0
0
0
0
0
0
0
0
0
0
0
0
0
0
0
0
0
0
0
0
0
0
0
0
0
0
0
0
0
0
0
0
0
0
0
0
0
0
0
0
0
0
0
0
0
0
0
0
0
0
0
0
0
0
0
0
0
0
0
0
0
0
0
0
0
0
0
0
0
0
0
0
0
0
0
0
0
0
0
0
0
0
0
0
0
0
0
0
0
0
0
0
0
0
0
0
0
0
0
0
0
0
0
0
0
0
0
0
0
0
0
0
0
0
0
0
0
0
0
0
0
0
0
0
0
0
0
0
0
0
0
0
0
0
0
0
0
0
0
0
0
0
0
0
0
0
0
0
0
0
0
0
0
0
0
0
0
0
0
0
0
0
0
0
0
0
0
0
0
0
0
0
0
0
0
0
0
0
0
0
0
0
0
0
0
0
0
0
0
0
0
0
0
0
0
0
0
0
0
0
0
0
0
0
0
0
0
0
0
0
0
0
0
0
0
0
0
0
0
0
0
0
0
0
0
0
0
0
0
0
0
0
0
0
0
0
0
0
0
0
0
0
0
0
0
0
0
0
0
0
0
0
0
0
0
0
0
0
0
0
0
0
0
0
0
0
0
0
0
0
0
0
0
0
0
0
0
0
0
0
0
0
0
0
0
0
0
0
0
0
0
0
0
0
0
0
0
0
0
0
0
0
0
0
0
0
0
0
0
0
0
0
0
0
0
0
0
0
0
0
0
0
0
0
0
0
0
0
0
0
0
0
0
0
0
0
0
0
0
0
0
0
0
0
0
0
0
0
0
0
0
0
0
0
0
0
0
0
0
0
0
0
0
0
0
0
0
0
0
0
0
0
0
0
0
0
0
0
0
0
0
0
0
0
0
0
0
0
0
0
0
0
0
0
0
0
0
0
0
0
0
0
0
0
0
0
0
0
0
0
0
0
0
0
0
0
0
0
0
0
0
0
0
0
0
0
0
0
0
0
0
0
0
0
0
0
0
0
0
0
0
0
0
0
0
0
0
0
0
0
0
0
0
0
0
0
0
0
0
0
0
0
0
0
0
0
0
0
0
0
0
0
0
0
0
0
0
0
0
0
0
0
0
0
0
0
0
0
0
0
0
0
0
0
0
0
0
0
0
0
0
0
0
0
0
0
0
0
0
0
0
0
0
0
0
0
0
0
0
0
0
0
0
0
0
0
0
0
0
0
0
0
0
0
0
0
0
0
0
0
0
0
0
0
0
0
0
0
0
0
0
0
0
0
0
0
0
0
0
0
0
0
0
0
0
0
0
0
0
0
0
0
0
0
0
0
0
0
0
0
0
0
0
0
0
0
0
0
0
0
0
0
0
0
0
0
0
0
0
0
0
0
0
0
0
0
0
0
0
0
0
0
0
0
0
0
0
0
0
0
0
0
0
0
0
0
0
0
0
0
0
0
0
0
0
0
0
0
0
0
0
0
0
0
0
0
0
0
0
0
0
0
0
0
0
0
0
0
0
0
0
0
0
0
0
0
0
0
0
0
0
0
0
0
0
0
0
0
0
0
0
0
0
0
0
0
0
0
0
0
0
0
0
0
0
0
0
0
0
0
0
0
0
0
0
0
0
0
0
0
0
0
0
0
0
0
0
0
0
0
0
0
0
0
0
0
0
0
0
0
0
0
0
0
0
0
0
0
0
0
0
0
0
0
0
0
0
0
0
0
0
0
0
0
0
0
0
0
0
0
0
0
0
0
0
0
0
0
0
0
0
0
0
0
0
0
0
0
0
0
0
0
0
0
0
0
0
0
0
0
0
0
0
0
0
0
0
0
0
0
0
0
0
0
0
0
0
0
0
0
0
0
0
0
0
0
0
0
0
0
0
0
0
0
0
0
0
0
0
0
0
0
0
0
0
0
0
0
0
0
0
0
0
0
0
0
0
0
0
0
0
0
0
0
0
0
0
0
0
0
0
0
0
0
0
0
0
0
0
0
0
0
0
0
0
0
0
0
0
0
0
0
0
0
0
0
0
0
0
0
0
0
0
0
0
0
0
0
0
0
0
0
0
0
0
0
0
0
0
0
0
0
0
0
0
0
0
0
0
0
0
0
0
0
0
0
0
0
0
0
0
0
0
0
0
0
0
0
0
0
0
0
0
0
0
0
0
0
0
0
0
0
0
0
0
0
0
0
0
0
0
0
0
0
0
0
0
0
0
0
0
0
0
0
0
0
0
0
0
0
0
0
0
0
0
0
0
0
0
0
0
0
0
0
0
0
0
0
0
0
0
0
0
0
0
0
0
0
0
0
0
0
0
0
0
0
0
0
0
0
0
0
0
0
0
0
0
0
0
0
0
0
0
0
0
0
0
0
0
0
0
0
0
0
0
0
0
0
0
0
0
0
0
0
0
0
0
0
0
0
0
0
0
0
0
0
0
0
0
0
0
0
0
0
0
0
0
0
0
0
0
0
0
0
0
0
0
0
0
0
0
0
0
0
0
0
0
0
0
0
0
0
0
0
0
0
0
0
0
0
0
0
0
0
0
0
0
0
0
0
0
0
0
0
0
0
0
0
0
0
0
0
0
0
0
0
0
0
0
0
0
0
0
0
0
0
0
0
0
0
0
0
0
0
0
0
0
0
0
0
0
0
0
0
0
0
0
0
0
0
0
0
0
0
0
0
0
0
0
0
0
0
0
0
0
0
0
0
0
0
0
0
0
0
0
0
0
0
0
0
0
0
0
0
0
0
0
0
0
0
0
0
0
0
0
0
0
0
0
0
0
0
0
0
0
0
0
0
0
0
0
0
0
0
0
0
0
0
0
0
0
0
0
0
0
0
0
0
0
0
0
0
0
0
0
0
0
0
0
0
0
0
0
0
0
0
0
0
0
0
0
0
0
0
0
0
0
0
0
0
0
0
0
0
0
0
0
0
0
0
0
0
0
0
0
0
0
0
0
0
0
0
0
0
0
0
0
0
0
0
0
0
0
0
0
0
0
0
0
0
0
0
0
0
0
0
0
0
0
0
0
0
0
0
0
0
0
0
0
0
0
0
0
0
0
0
0
0
0
0
0
0
0
0
0
0
0
0
0
0
0
0
0
0
0
0
0
0
0
0
0
0
0
0
0
0
0
0
0
0
0
0
0
0
0
0
0
0
0
0
0
0
0
0
0
0
0
0
0
0
0
0
0
0
0
0
0
0
0
0
0
0
0
0
0
0
0
0
0
0
0
0
0
0
0
0
0
0
0
0
0
0
0
0
0
0
0
0
0
0
0
0
0
0
0
0
0
0
0
0
0
0
0
0
0
0
0
0
0
0
0
0
0
0
0
0
0
0
0
0
0
0
0
0
0
0
0
0
0
0
0
0
0
0
0
0
0
0
0
0
0
0
0
0
0
0
0
0
0
0
0
0
0
0
0
0
0
0
0
0
0
0
0
0
0
0
0
0
0
0
0
0
0
0
0
0
0
0
0
0
0
0
0
0
0
0
0
0
0
0
0
0
0
0
0
0
0
0
0
0
0
0
0
0
0
0
0
0
0
0
0
0
0
0
0
0
0
0
0
0
0
0
0
0
0
0
0
0
0
0
0
0
0
0
0
0
0
0
0
0
0
0
0
0
0
0
0
0
0
0
0
0
0
0
0
0
0
0
0
0
0
0
0
0
0
0
0
0
0
0
0
0
0
0
0
0
0
0
0
0
0
0
0
0
0
0
0
0
0
0
0
0
0
0
0
0
0
0
0
0
0
0
0
0
0
0
0
0
0
0
0
0
0
0
0
0
0
0
0
0
0
0
0
0
0
0
0
0
0
0
0
0
0
0
0
0
0
0
0
0
0
0
0
0
0
0
0
0
0
0
0
0
0
0
0
0
0
0
0
0
0
0
0
0
0
0
0
0
0
0
0
0
0
0
0
0
0
0
0
0
0
0
0
0
0
0
0
0
0
0
0
0
0
0
0
0
0
0
0
0
0
0
0
0
0
0
0
0
0
0
0
0
0
0
0
0
0
0
0
0
0
0
0
0
0
0
0
0
0
0
0
0
0
0
0
0
0
0
0
0
0
0
0
0
0
0
0
0
0
0
0
0
0
0
0
0
0
0
0
0
0
0
0
0
0
0
0
0
0
0
0
0
0
0
0
0
0
0
0
0
0
0
0
0
0
0
0
0
0
0
0
0
0
0
0
0
0
0
0
0
0
0
0
0
0
0
0
0
0
0
0
0
0
0
0
0
0
0
0
0
0
0
0
0
0
0
0
0
0
0
0
0
0
0
0
0
0
0
0
0
0
0
0
0
0
0
0
0
0
0
0
0
0
0
0
0
0
0
0
0
0
0
0
0
0
0
0
0
0
0
0
0
0
0
0
0
0
0
0
0
0
0
0
0
0
0
0
0
0
0
0
0
0
0
0
0
0
0
0
0
0
0
0
0
0
0
0
0
0
0
0
0
0
0
0
0
0
0
0
0
0
0
0
0
0
0
0
0
0
0
0
0
0
0
0
0
0
0
0
0
0
0
0
0
0
0
0
0
0
0
0
0
0
0
0
0
0
0
0
0
0
0
0
0
0
0
0
0
0
0
0
0
0
0
0
0
0
0
0
0
0
0
0
0
0
0
0
0
0
0
0
0
0
0
0
0
0
0
0
0
0
0
0
0
0
0
0
0
0
0
0
0
0
0
0
0
0
0
0
0
0
0
0
0
0
0
0
0
0
0
0
0
0
0
0
0
0
0
0
0
0
0
0
0
0
0
0
0
0
0
0
0
0
0
0
0
0
0
0
0
0
0
0
0
0
0
0
0
0
0
0
0
0
0
0
0
0
0
0
0
0
0
0
0
0
0
0
0
0
0
0
0
0
0
0
0
0
0
0
0
0
0
0
0
0
0
0
0
0
0
0
0
0
0
0
0
0
0
0
0
0
0
0
0
0
0
0
0
0
0
0
0
0
0
0
0
0
0
0
0
0
0
0
0
0
0
0
0
0
0
0
0
0
0
0
0
0
0
0
0
0
0
0
0
0
0
0
0
0
0
0
0
0
0
0
0
0
0
0
0
0
0
0
0
0
0
0
0
0
0
0
0
0
0
0
0
0
0
0
0
0
0
0
0
0
0
0
0
0
0
0
0
0
0
0
0
0
0
0
0
0
0
0
0
0
0
0
0
0
0
0
0
0
0
0
0
0
0
0
0
0
0
0
0
0
0
0
0
0
0
0
0
0
0
0
0
0
0
0
0
0
0
0
0
0
0
0
0
0
0
0
0
0
0
0
0
0
0
0
0
0
0
0
0
0
0
0
0
0
0
0
0
0
0
0
0
0
0
0
0
0
0
0
0
0
0
0
0
0
0
0
0
0
0
0
0
0
0
0
0
0
0
0
0
0
0
0
0
0
0
0
0
0
0
0
0
0
0
0
0
0
0
0
0
0
0
0
0
0
0
0
0
0
0
0
0
0
0
0
0
0
0
0
0
0
0
0
0
0
0
0
0
0
0
0
0
0
0
0
0
0
0
0
0
0
0
0
0
0
0
0
0
0
0
0
0
0
0
0
0
0
0
0
0
0
0
0
0
0
0
0
0
0
0
0
0
0
0
0
0
0
0
0
0
0
0
0
0
0
0
0
0
0
0
0
0
0
0
0
0
0
0
0
0
0
0
0
0
0
0
0
0
0
0
0
0
0
0
0
0
0
0
0
0
0
0
0
0
0
0
0
0
0
0
0
0
0
0
0
0
0
0
0
0
0
0
0
0
0
0
0
0
0
0
0
0
0
0
0
0
0
0
0
0
0
0
0
0
0
0
0
0
0
0
0
0
0
0
0
0
0
0
0
0
0
0
0
0
0
0
0
0
0
0
0
0
0
0
0
0
0
0
0
0
0
0
0
0
0
0
0
0
0
0
0
0
0
0
0
0
0
0
0
0
0
0
0
0
0
0
0
0
0
0
0
0
0
0
0
0
0
0
0
0
0
0
0
0
0
0
0
0
0
0
0
0
0
0
0
0
0
0
0
0
0
0
0
0
0
0
0
0
0
0
0
0
0
0
0
0
0
0
0
0
0
0
0
0
0
0
0
0
0
0
0
0
0
0
0
0
0
0
0
0
0
0
0
0
0
0
0
0
0
0
0
0
0
0
0
0
0
0
0
0
0
0
0
0
0
0
0
0
0
0
0
0
0
0
0
0
0
0
0
0
0
0
0
0
0
0
0
0
0
0
0
0
0
0
0
0
0
0
0
0
0
0
0
0
0
0
0
0
0
0
0
0
0
0
0
0
0
0
0
0
0
0
0
0
0
0
0
0
0
0
0
0
0
0
0
0
0
0
0
0
0
0
0
0
0
0
0
0
0
0
0
0
0
0
0
0
0
0
0
0
0
0
0
0
0
0
0
0
0
0
0
0
0
0
0
0
0
0
0
0
0
0
0
0
0
0
0
0
0
0
0
0
0
0
0
0
0
0
0
0
0
0
0
0
0
0
0
0
0
0
0
0
0
0
0
0
0
0
0
0
0
0
0
0
0
0
0
0
0
0
0
0
0
0
0
0
0
0
0
0
0
0
0
0
0
0
0
0
0
0
0
0
0
0
0
0
0
0
0
0
0
0
0
0
0
0
0
0
0
0
0
0
0
0
0
0
0
0
0
0
0
0
0
0
0
0
0
0
0
0
0
0
0
0
0
0
0
0
0
0
0
0
0
0
0
0
0
0
0
0
0
0
0
0
0
0
0
0
0
0
0
0
0
0
0
0
0
0
0
0
0
0
0
0
0
0
0
0
0
0
0
0
0
0
0
0
0
0
0
0
0
0
0
0
0
0
0
0
0
0
0
0
0
0
0
0
0
0
0
0
0
0
0
0
0
0
0
0
0
0
0
0
0
0
0
0
0
0
0
0
0
0
0
0
0
0
0
0
0
0
0
0
0
0
0
0
0
0
0
0
0
0
0
0
0
0
0
0
0
0
0
0
0
0
0
0
0
0
0
0
0
0
0
0
0
0
0
0
0
0
0
0
0
0
0
0
0
0
0
0
0
0
0
0
0
0
0
0
0
0
0
0
0
0
0
0
0
0
0
0
0
0
0
0
0
0
0
0
0
0
0
0
0
0
0
0
0
0
0
0
0
0
0
0
0
0
0
0
0
0
0
0
0
0
0
0
0
0
0
0
0
0
0
0
0
0
0
0
0
0
0
0
0
0
0
0
0
0
0
0
0
0
0
0
0
0
0
0
0
0
0
0
0
0
0
0
0
0
0
0
0
0
0
0
0
0
0
0
0
0
0
0
0
0
0
0
0
0
0
0
0
0
0
0
0
0
0
0
0
0
0
0
0
0
0
0
0
0
0
0
0
0
0
0
0
0
0
0
0
0
0
0
0
0
0
0
0
0
0
0
0
0
0
0
0
0
0
0
0
0
0
0
0
0
0
0
0
0
0
0
0
0
0
0
0
0
0
0
0
0
0
0
0
0
0
0
0
0
0
0
0
0
0
0
0
0
0
0
0
0
0
0
0
0
0
0
0
0
0
0
0
0
0
0
0
0
0
0
0
0
0
0
0
0
0
0
0
0
0
0
0
0
0
0
0
0
0
0
0
0
0
0
0
0
0
0
0
0
0
0
0
0
0
0
0
0
0
0
0
0
0
0
0
0
0
0
0
0
0
0
0
0
0
0
0
0
0
0
0
0
0
0
0
0
0
0
0
0
0
0
0
0
0
0
0
0
0
0
0
0
0
0
0
0
0
0
0
0
0
0
0
0
0
0
0
0
0
0
0
0
0
0
0
0
0
0
0
0
0
0
0
0
0
0
0
0
0
0
0
0
0
0
0
0
0
0
0
0
0
0
0
0
0
0
0
0
0
0
0
0
0
0
0
0
0
0
0
0
0
0
0
0
0
0
0
0
0
0
0
0
0
0
0
0
0
0
0
0
0
0
0
0
0
0
0
0
0
0
0
0
0
0
0
0
0
0
0
0
0
0
0
0
0
0
0
0
0
0
0
0
0
0
0
0
0
0
0
0
0
0
0
0
0
0
0
0
0
0
0
0
0
0
0
0
0
0
0
0
0
0
0
0
0
0
0
0
0
0
0
0
0
0
0
0
0
0
0
0
0
0
0
0
0
0
0
0
0
0
0
0
0
0
0
0
0
0
0
0
0
0
0
0
0
0
0
0
0
0
0
0
0
0
0
0
0
0
0
0
0
0
0
0
0
0
0
0
0
0
0
0
0
0
0
0
0
0
0
0
0
0
0
0
0
0
0
0
0
0
0
0
0
0
0
0
0
0
0
0
0
0
0
0
0
0
0
0
0
0
0
0
0
0
0
0
0
0
0
0
0
0
0
0
0
0
0
0
0
0
0
0
0
0
0
0
0
0
0
0
0
0
0
0
0
0
0
0
0
0
0
0
0
0
0
0
0
0
0
0
0
0
0
0
0
0
0
0
0
0
0
0
0
0
0
0
0
0
0
0
0
0
0
0
0
0
0
0
0
0
0
0
0
0
0
0
0
0
0
0
0
0
0
0
0
0
0
0
0
0
0
0
0
0
0
0
0
0
0
0
0
0
0
0
0
0
0
0
0
0
0
0
0
0
0
0
0
0
0
0
0
0
0
0
0
0
0
0
0
0
0
0
0
0
0
0
0
0
0
0
0
0
0
0
0
0
0
0
0
0
0
0
0
0
0
0
0
0
0
0
0
0
0
0
0
0
0
0
0
0
0
0
0
0
0
0
0
0
0
0
0
0
0
0
0
0
0
0
0
0
0
0
0
0
0
0
0
0
0
0
0
0
0
0
0
0
0
0
0
0
0
0
0
0
0
0
0
0
0
0
0
0
0
0
0
0
0
0
0
0
0
0
0
0
0
0
0
0
0
0
0
0
0
0
0
0
0
0
0
0
0
0
0
0
0
0
0
0
0
0
0
0
0
0
0
0
0
0
0
0
0
0
0
0
0
0
0
0
0
0
0
0
0
0
0
0
0
0
0
0
0
0
0
0
0
0
0
0
0
0
0
0
0
0
0
0
0
0
0
0
0
0
0
0
0
0
0
0
0
0
0
0
0
0
0
0
0
0
0
0
0
0
0
0
0
0
0
0
0
0
0
0
0
0
0
0
0
0
0
0
0
0
0
0
0
0
0
0
0
0
0
0
0
0
0
0
0
0
0
0
0
0
0
0
0
0
0
0
0
0
0
0
0
0
0
0
0
0
0
0
0
0
0
0
0
0
0
0
0
0
0
0
0
0
0
0
0
0
0
0
0
0
0
0
0
0
0
0
0
0
0
0
0
0
0
0
0
0
0
0
0
0
0
0
0
0
0
0
0
0
0
0
0
0
0
0
0
0
0
0
0
0
0
0
0
0
0
0
0
0
0
0
0
0
0
0
0
0
0
0
0
0
0
0
0
0
0
0
0
0
0
0
0
0
0
0
0
0
0
0
0
0
0
0
0
0
0
0
0
0
0
0
0
0
0
0
0
0
0
0
0
0
0
0
0
0
0
0
0
0
0
0
0
0
0
0
0
0
0
0
0
0
0
0
0
0
0
0
0
0
0
0
0
0
0
0
0
0
0
0
0
0
0
0
0
0
0
0
0
0
0
0
0
0
0
0
0
0
0
0
0
0
0
0
0
0
0
0
0
0
0
0
0
0
0
0
0
0
0
0
0
0
0
0
0
0
0
0
0
0
0
0
0
0
0
0
0
0
0
0
0
0
0
0
0
0
0
0
0
0
0
0
0
0
0
0
0
0
0
0
0
0
0
0
0
0
0
0
0
0
0
0
0
0
0
0
0
0
0
0
0
0
0
0
0
0
0
0
0
0
0
0
0
0
0
0
0
0
0
0
0
0
0
0
0
0
0
0
0
0
0
0
0
0
0
0
0
0
0
0
0
0
0
0
0
0
0
0
0
0
0
0
0
0
0
0
0
0
0
0
0
0
0
0
0
0
0
0
0
0
0
0
0
0
0
0
0
0
0
0
0
0
0
0
0
0
0
0
0
0
0
0
0
0
0
0
0
0
0
0
0
0
0
0
0
0
0
0
0
0
0
0
0
0
0
0
0
0
0
0
0
0
0
0
0
0
0
0
0
0
0
0
0
0
0
0
0
0
0
0
0
0
0
0
0
0
0
0
0
0
0
0
0
0
0
0
0
0
0
0
0
0
0
0
0
0
0
0
0
0
0
0
0
0
0
0
0
0
0
0
0
0
0
0
0
0
0
0
0
0
0
0
0
0
0
0
0
0
0
0
0
0
0
0
0
0
0
0
0
0
0
0
0
0
0
0
0
0
0
0
0
0
0
0
0
0
0
0
0
0
0
0
0
0
0
0
0
0
0
0
0
0
0
0
0
0
0
0
0
0
0
0
0
0
0
0
0
0
0
0
0
0
0
0
0
0
0
0
0
0
0
0
0
0
0
0
0
0
0
0
0
0
0
0
0
0
0
0
0
0
0
0
0
0
0
0
0
0
0
0
0
0
0
0
0
0
0
0
0
0
0
0
0
0
0
0
0
0
0
0
0
0
0
0
0
0
0
0
0
0
0
0
0
0
0
0
0
0
0
0
0
0
0
0
0
0
0
0
0
0
0
0
0
0
0
0
0
0
0
0
0
0
0
0
0
0
0
0
0
0
0
0
0
0
0
0
0
0
0
0
0
0
0
0
0
0
0
0
0
0
0
0
0
0
0
0
0
0
0
0
0
0
0
0
0
0
0
0
0
0
0
0
0
0
0
0
0
0
0
0
0
0
0
0
0
0
0
0
0
0
0
0
0
0
0
0
0
0
0
0
0
0
0
0
0
0
0
0
0
0
0
0
0
0
0
0
0
0
0
0
0
0
0
0
0
0
0
0
0
0
0
0
0
0
0
0
0
0
0
0
0
0
0
0
0
0
0
0
0
0
0
0
0
0
0
0
0
0
0
0
0
0
0
0
0
0
0
0
0
0
0
0
0
0
0
0
0
0
0
0
0
0
0
0
0
0
0
0
0
0
0
0
0
0
0
0
0
0
0
0
0
0
0
0
0
0
0
0
0
0
0
0
0
0
0
0
0
0
0
0
0
0
0
0
0
0
0
0
0
0
0
0
0
0
0
0
0
0
0
0
0
0
0
0
0
0
0
0
0
0
0
0
0
0
0
0
0
0
0
0
0
0
0
0
0
0
0
0
0
0
0
0
0
0
0
0
0
0
0
0
0
0
0
0
0
0
0
0
0
0
0
0
0
0
0
0
0
0
0
0
0
0
0
0
0
0
0
0
0
0
0
0
0
0
0
0
0
0
0
0
0
0
0
0
0
0
0
0
0
0
0
0
0
0
0
0
0
0
0
0
0
0
0
0
0
0
0
0
0
0
0
0
0
0
0
0
0
0
0
0
0
0
0
0
0
0
0
0
0
0
0
0
0
0
0
0
0
0
0
0
0
0
0
0
0
0
0
0
0
0
0
0
0
0
0
0
0
0
0
0
0
0
0
0
0
0
0
0
0
0
0
0
0
0
0
0
0
0
0
0
0
0
0
0
0
0
0
0
0
0
0
0
0
0
0
0
0
0
0
0
0
0
0
0
0
0
0
0
0
0
0
0
0
0
0
0
0
0
0
0
0
0
0
0
0
0
0
0
0
0
0
0
0
0
0
0
0
0
0
0
0
0
0
0
0
0
0
0
0
0
0
0
0
0
0
0
0
0
0
0
0
0
0
0
0
0
0
0
0
0
0
0
0
0
0
0
0
0
0
0
0
0
0
0
0
0
0
0
0
0
0
0
0
0
0
0
0
0
0
0
0
0
0
0
0
0
0
0
0
0
0
0
0
0
0
0
0
0
0
0
0
0
0
0
0
0
0
0
0
0
0
0
0
0
0
0
0
0
0
0
0
0
0
0
0
0
0
0
0
0
0
0
0
0
0
0
0
0
0
0
0
0
0
0
0
0
0
0
0
0
0
0
0
0
0
0
0
0
0
0
0
0
0
0
0
0
0
0
0
0
0
0
0
0
0
0
0
0
0
0
0
0
0
0
0
0
0
0
0
0
0
0
0
0
0
0
0
0
0
0
0
0
0
0
0
0
0
0
0
0
0
0
0
0
0
0
0
0
0
0
0
0
0
0
0
0
0
0
0
0
0
0
0
0
0
0
0
0
0
0
0
0
0
0
0
0
0
0
0
0
0
0
0
0
0
0
0
0
0
0
0
0
0
0
0
0
0
0
0
0
0
0
0
0
0
0
0
0
0
0
0
0
0
0
0
0
0
0
0
0
0
0
0
0
0
0
0
0
0
0
0
0
0
0
0
0
0
0
0
0
0
0
0
0
0
0
0
0
0
0
0
0
0
0
0
0
0
0
0
0
0
0
0
0
0
0
0
0
0
0
0
0
0
0
0
0
0
0
0
0
0
0
0
0
0
0
0
0
0
0
0
0
0
0
0
0
0
0
0
0
0
0
0
0
0
0
0
0
0
0
0
0
0
0
0
0
0
0
0
0
0
