1844738
1537912
1417102
1340292
1279465
1233955
1191918
1157611
1124054
1101437
1072918
1050241
1029587
1009131
991090
972536
951954
938243
925471
910553
896896
883128
871401
857908
845894
833188
823666
813165
801770
791303
783236
772874
755730
754117
742844
735901
728508
717881
711006
703145
694379
686064
677681
671041
664672
657844
651273
642632
636600
631739
622103
616627
609737
604241
598879
591316
586090
580308
574645
568942
562274
556960
552703
546278
532449
536423
532109
525107
520740
515582
510649
505877
502007
496670
492631
487810
483761
479815
473391
469046
465283
461110
456035
452327
448837
443521
441062
435742
433048
429098
425197
420815
417164
413891
409844
405222
402325
399203
395940
391287
389484
383714
382487
377598
374266
371621
369229
365219
361423
358482
354857
353113
350330
345637
344790
340870
337044
335539
331572
329282
326554
323141
321477
318168
314641
311781
309566
307069
295958
301693
300107
297094
294546
291245
288609
286454
284545
282321
278785
277014
275144
272611
269856
268357
266561
263464
262176
259254
257306
254972
252187
251126
248415
247162
244656
242199
239571
238401
236533
234465
232958
231722
229291
227248
226099
223609
221387
220026
217356
215634
214185
213383
210147
208760
206583
205481
204359
202099
199635
199944
198048
196666
193736
192198
190834
189614
188042
187151
185311
182958
181359
180413
179981
177761
176323
175183
173736
172182
170856
168980
167949
166782
165095
163686
162787
162220
160287
158323
156626
156726
155024
153939
152029
150850
148810
148433
147372
146319
145420
143402
143241
141637
140059
138501
138474
136659
135814
134879
133700
133246
132273
130920
129298
127402
127285
126908
125549
124442
123573
122869
122020
120003
119969
118818
117845
116684
116012
114837
113459
113098
112545
111717
109969
109984
108518
107881
100411
105906
105767
104452
103309
102610
101617
101476
100524
99817
98408
97598
98122
96362
95706
95113
93722
93107
92758
91749
90812
90433
89601
88751
88921
88088
87290
85650
86109
85047
84468
84094
82731
82080
81871
81244
80596
79559
79652
78424
78376
77562
76472
76195
75718
74833
74095
73523
73130
72877
71827
71728
70892
69998
70215
68796
68731
67934
67431
67061
66687
65849
65499
65042
64535
64000
63743
63118
62236
61899
61684
60370
60462
59666
60018
59423
58649
58207
58026
57381
56595
56674
55702
55817
55282
54577
54573
53945
53866
53359
52268
52100
51680
51406
50903
50716
49959
49747
49765
48956
48661
48547
48043
47472
47314
46490
46442
45697
45916
45281
44820
44373
44611
43917
43550
43476
43230
42656
42135
41908
41733
41017
40734
40413
39979
40098
39643
39329
38969
38958
38214
38145
37955
37334
37305
36929
36678
36609
36479
35886
35653
35561
35003
34949
34498
34466
33924
33673
33626
32938
33190
32921
32616
32463
32106
31689
31488
31102
30956
30836
30585
30607
30336
29612
29565
29537
29065
29171
29043
28631
28225
28221
27810
27816
27461
27017
26873
26626
26757
26428
26099
26069
25951
25670
25502
25180
25364
24669
24491
24343
24395
24002
23864
23517
23762
23151
23237
23254
22845
22539
22442
22354
22250
21914
21582
21601
21554
21352
21529
21144
21032
20653
20627
20339
20431
20154
20094
20053
19765
19483
19610
19179
19111
18825
19106
18717
18693
18355
18133
17959
17953
17804
17806
17872
17482
17325
17094
17092
16987
16807
16556
16330
16465
16304
16133
16066
15869
16010
15559
15546
15255
15495
15284
15456
15208
15039
12984
14696
14543
14665
14256
14337
14083
14197
13961
13908
13705
13921
13486
13638
13387
13428
13249
13179
13189
12994
12843
12728
12756
12579
12458
12494
12357
12377
12247
11928
11930
11788
11626
11569
11557
11356
11451
11469
11356
11281
11113
11063
10898
11001
10842
10905
10698
10548
10491
10471
10291
10299
10358
10247
10002
10115
9954
9700
9679
9561
9876
9680
9680
9467
9322
9392
9376
9352
9180
8956
8977
9027
8909
8884
8738
8647
8528
8470
8604
8623
8385
8484
8330
8300
8159
8196
8106
7935
7966
7878
7841
7775
7705
7584
7818
7450
7458
7371
7343
7279
7201
7282
7264
7213
7256
6942
6962
6979
6842
6996
6754
6912
6688
6743
6746
6766
6680
6565
6380
6443
6341
6347
6296
6363
6201
6038
6106
5952
6070
6102
6116
5931
5991
5829
5859
5735
5709
5734
5623
5780
5617
5518
5490
5434
5404
5455
5361
5348
5467
5408
5282
5130
5143
5241
5095
5039
4970
4993
5071
4836
4773
4850
4980
4924
4965
4836
4791
4665
4766
4602
4620
4635
4667
4553
4562
4381
4457
4407
4439
4384
4491
4152
4276
4237
4285
4264
4342
4184
3979
4102
4080
4210
3977
4016
4007
3949
4023
3998
3852
3843
3861
3767
3855
3769
3778
3701
3752
3753
3757
3640
3582
3679
3574
3636
3589
3548
3519
3551
3470
3324
3340
3503
3364
3372
3305
3342
3311
3335
3219
3234
3340
3249
3180
3219
3093
3196
3193
3117
3058
3198
2989
2974
2966
2990
2851
2953
2863
2933
2938
2901
2915
2881
2922
2826
2920
2773
2818
2799
2706
2697
2750
2617
2713
2736
2660
2707
2658
2717
2659
2612
2531
2571
2620
2604
2570
2494
2582
2547
2516
2464
2606
2361
2377
2448
2395
2439
2366
2291
2252
2339
2323
2284
2296
2297
2226
2173
2186
2208
2283
2146
2173
2145
2254
2153
2201
2151
2191
2121
2174
2104
2049
2033
2066
2091
2062
2078
2000
2047
2008
2021
2050
1971
2010
1861
1994
1967
1898
1937
1902
1927
1928
1774
1890
1880
1833
1830
1918
1859
1858
1831
1881
1767
1780
1762
1749
1751
1737
1718
1674
1770
1695
1616
1712
1651
1729
1688
1759
1672
1769
1725
1671
1594
1618
1600
1624
1602
1553
1564
1564
1596
1598
1567
1595
1566
1660
1540
1515
1593
1599
1531
1503
1540
1424
1478
1473
1472
1499
1504
1485
1499
1459
1390
1414
1393
1332
1365
1355
1429
1324
1386
1383
1360
1315
1336
1336
1312
1318
1368
1324
1375
1243
1380
1313
1340
1285
1224
1292
1268
1246
1271
1300
1272
1230
1182
1291
1280
1233
1247
1246
1255
1179
1171
1204
1174
1273
1149
1150
1205
1205
1121
1203
1199
1137
1118
1099
1178
1102
1190
1054
1095
1090
1085
1174
1106
1096
1099
1136
1074
1136
1160
1156
1074
1077
1067
1064
1095
1044
1045
1089
1034
1025
1045
1013
1006
966
1029
1049
1035
1023
1004
977
969
933
938
986
1015
1025
979
948
925
992
965
984
973
1000
917
960
955
920
908
978
883
903
908
896
974
928
947
883
922
861
911
663
949
856
905
877
870
880
892
833
860
914
868
822
931
884
907
830
840
836
836
842
790
784
829
830
831
848
787
789
798
838
781
831
796
785
788
771
734
818
808
770
770
755
769
779
781
754
789
727
751
781
791
733
748
696
730
776
811
806
712
732
711
759
665
704
737
720
735
721
696
687
668
725
692
695
708
694
702
686
671
675
684
676
639
656
682
681
673
691
657
702
642
623
636
668
671
678
662
631
651
619
648
628
585
639
633
625
614
646
656
643
580
678
625
596
650
612
614
661
621
638
584
617
598
607
579
613
587
566
569
638
592
600
543
558
571
605
609
547
589
564
620
584
544
554
541
570
559
555
559
540
517
582
518
549
541
491
528
536
514
541
508
530
535
544
519
571
529
569
519
483
524
530
536
525
503
483
507
562
529
521
537
525
465
494
472
500
476
481
501
534
494
484
489
489
496
490
479
449
494
472
460
484
491
469
474
445
478
465
452
425
450
447
458
453
483
438
451
471
432
449
456
480
427
466
443
409
433
445
423
438
433
457
443
431
438
427
425
432
440
427
409
400
371
418
410
386
424
389
408
368
437
368
428
386
391
435
422
403
368
411
407
399
389
339
425
408
372
377
393
367
376
396
413
395
386
370
368
386
395
353
369
359
370
397
372
340
349
379
364
355
351
368
333
367
373
365
365
361
329
374
361
338
377
349
331
338
332
327
337
317
317
343
338
357
322
345
354
328
328
296
329
353
316
361
325
309
288
326
332
321
322
282
304
344
309
317
323
303
313
336
300
301
299
322
308
321
292
294
320
302
297
312
320
306
315
294
304
271
262
276
302
283
256
288
280
263
292
281
284
298
263
283
264
278
271
272
275
243
281
253
267
276
289
260
263
248
280
262
289
242
289
285
258
244
266
279
266
286
280
260
283
250
244
245
243
252
274
282
261
265
242
252
247
250
250
272
239
257
285
236
247
238
233
251
260
213
245
215
262
228
235
261
261
252
237
243
231
221
247
231
240
226
213
193
211
256
239
242
235
232
208
233
216
208
224
221
229
241
237
220
191
217
232
197
213
207
181
209
222
219
198
229
201
201
206
219
225
208
205
195
206
206
187
229
207
187
201
199
222
203
196
218
218
184
212
167
203
211
206
179
188
197
209
184
189
205
194
169
192
192
208
194
158
193
174
191
183
192
177
160
182
175
195
177
199
188
172
188
149
173
179
162
205
168
164
173
156
183
165
157
165
179
187
183
157
161
187
168
158
161
166
157
184
150
178
159
183
171
153
160
156
168
169
166
172
160
150
157
172
162
156
176
180
148
144
168
151
155
148
150
155
154
156
135
145
154
156
136
135
158
132
160
137
152
132
117
154
154
151
141
147
145
145
151
137
149
147
125
145
148
144
142
148
130
117
118
143
128
134
138
165
146
140
132
148
135
136
125
138
127
128
147
139
121
139
145
145
140
132
140
122
121
138
132
145
125
121
153
135
138
121
125
138
122
116
120
131
105
98
129
127
120
105
110
102
122
135
124
137
117
124
105
128
143
101
125
108
111
96
135
123
135
110
115
113
115
130
105
110
118
119
121
114
115
120
133
109
110
123
130
118
99
126
114
104
129
111
104
106
136
92
109
113
99
105
84
110
113
77
107
109
102
108
105
105
98
106
104
94
102
118
97
110
113
96
110
103
105
97
100
106
127
100
113
98
98
88
97
93
82
94
103
104
104
99
81
96
95
99
116
92
92
113
108
100
93
92
73
78
95
92
98
100
105
82
109
91
105
88
87
84
84
103
103
91
83
100
88
93
96
99
83
89
101
88
98
77
108
77
85
87
91
85
98
97
78
88
88
91
101
85
93
84
74
79
97
96
88
78
78
83
72
94
70
81
97
97
89
81
87
99
71
80
75
82
97
75
87
90
79
84
78
78
87
73
81
70
70
84
86
101
71
76
66
80
66
97
77
67
85
77
85
83
89
62
97
85
75
68
73
79
73
88
49
74
69
78
71
86
84
58
89
92
75
80
69
77
71
77
82
78
87
74
62
66
80
77
84
78
78
81
51
67
66
83
68
79
77
61
82
78
79
67
70
73
67
70
60
67
58
75
72
83
68
70
81
71
66
60
69
69
69
83
79
62
56
66
63
76
81
67
68
59
54
76
57
73
65
81
63
57
75
59
62
63
72
81
63
52
63
68
68
78
61
59
76
68
63
65
52
58
79
70
71
68
52
48
71
64
51
73
61
66
61
74
63
68
76
63
58
69
67
61
54
55
59
57
58
68
59
64
59
60
58
63
59
81
55
50
65
62
66
66
48
65
61
70
63
65
61
57
69
68
62
0
123
0
109
0
113
0
138
0
116
0
113
0
112
0
112
0
118
0
107
0
93
0
98
0
116
0
131
0
124
0
117
0
108
0
126
0
123
0
112
0
101
0
133
0
116
0
124
0
115
0
111
0
124
0
108
0
126
0
117
0
115
0
146
0
111
0
113
0
139
0
120
0
124
0
98
0
118
0
104
0
107
0
92
0
125
0
85
0
91
0
106
0
97
0
114
0
110
0
90
0
116
0
101
0
97
0
96
0
95
0
109
0
110
0
109
0
96
0
112
0
110
0
116
0
100
0
114
0
118
0
111
0
121
0
89
0
116
0
99
0
113
0
96
0
89
0
107
0
87
0
89
0
94
0
87
0
113
0
115
0
74
0
93
0
117
0
106
0
99
0
120
0
117
0
88
0
86
0
89
0
105
0
96
0
101
0
98
0
93
0
88
0
94
0
120
0
92
0
93
0
80
0
85
0
101
0
88
0
110
0
114
0
103
0
89
0
88
0
98
0
98
0
96
0
96
0
88
0
116
0
81
0
84
0
100
0
93
0
88
0
97
0
103
0
88
0
80
0
92
0
104
0
96
0
87
0
82
0
90
0
99
0
111
0
73
0
94
0
87
0
77
0
100
0
76
0
87
0
75
0
81
0
92
0
78
0
91
0
89
0
84
0
100
0
101
0
86
0
82
0
78
0
91
0
78
0
69
0
82
0
84
0
95
0
86
0
84
0
93
0
81
0
90
0
91
0
94
0
91
0
85
0
76
0
82
0
80
0
93
0
71
0
80
0
76
0
75
0
94
0
86
0
87
0
85
0
79
0
81
0
80
0
78
0
92
0
78
0
84
0
72
0
73
0
100
0
87
0
73
0
78
0
86
0
76
0
79
0
90
0
61
0
74
0
85
0
95
0
93
0
102
0
93
0
84
0
79
0
67
0
76
0
75
0
94
0
80
0
71
0
82
0
68
0
81
0
71
0
76
0
86
0
89
0
84
0
82
0
85
0
73
0
63
0
70
0
71
0
79
0
80
0
73
0
78
0
82
0
77
0
85
0
63
0
79
0
74
0
70
0
75
0
78
0
67
0
77
0
67
0
76
0
77
0
82
0
79
0
65
0
71
0
63
0
82
0
83
0
76
0
71
0
60
0
70
0
91
0
72
0
63
0
84
0
77
0
86
0
65
0
77
0
72
0
70
0
57
0
60
0
64
0
78
0
74
0
61
0
64
0
76
0
83
0
73
0
76
0
70
0
73
0
68
0
69
0
67
0
83
0
61
0
79
0
67
0
63
0
64
0
78
0
59
0
83
0
68
0
77
0
81
0
65
0
62
0
75
0
88
0
71
0
69
0
85
0
63
0
66
0
67
0
56
0
65
0
59
0
67
0
84
0
65
0
53
0
85
0
56
0
78
0
76
0
71
0
63
0
63
0
74
0
59
0
78
0
59
0
49
0
63
0
67
0
61
0
70
0
54
0
59
0
46
0
51
0
73
0
71
0
59
0
53
0
57
0
60
0
75
0
58
0
57
0
68
0
56
0
63
0
48
0
69
0
67
0
61
0
53
0
60
0
67
0
73
0
72
0
63
0
51
0
59
0
67
0
61
0
58
0
52
0
48
0
66
0
56
0
78
0
69
0
60
0
41
0
69
0
59
0
59
0
77
0
63
0
65
0
56
0
60
0
54
0
48
0
56
0
67
0
65
0
76
0
65
0
55
0
60
0
62
0
64
0
49
0
55
0
71
0
56
0
57
0
63
0
67
0
64
0
49
0
79
0
50
0
63
0
66
0
60
0
56
0
54
0
73
0
64
0
47
0
62
0
61
0
49
0
65
0
49
0
68
0
62
0
52
0
55
0
50
0
55
0
60
0
66
0
54
0
63
0
62
0
65
0
67
0
73
0
54
0
61
0
49
0
55
0
56
0
48
0
60
0
65
0
49
0
47
0
63
0
56
0
61
0
57
0
53
0
60
0
61
0
35
0
48
0
38
0
47
0
59
0
64
0
53
0
55
0
65
0
68
0
44
0
48
0
56
0
62
0
66
0
57
0
61
0
54
0
46
0
53
0
55
0
47
0
52
0
52
0
52
0
44
0
53
0
55
0
60
0
52
0
47
0
60
0
43
0
63
0
50
0
57
0
49
0
62
0
49
0
50
0
62
0
50
0
42
0
41
0
51
0
47
0
44
0
60
0
44
0
51
0
47
0
62
0
58
0
52
0
52
0
60
0
44
0
51
0
58
0
49
0
57
0
55
0
58
0
35
0
58
0
57
0
55
0
60
0
53
0
57
0
61
0
64
0
60
0
42
0
52
0
36
0
51
0
46
0
52
0
36
0
56
0
53
0
52
0
40
0
47
0
58
0
45
0
40
0
53
0
47
0
44
0
52
0
40
0
43
0
42
0
48
0
54
0
50
0
44
0
50
0
57
0
37
0
47
0
47
0
42
0
43
0
47
0
41
0
56
0
51
0
41
0
59
0
56
0
44
0
45
0
42
0
48
0
56
0
41
0
53
0
44
0
49
0
49
0
54
0
50
0
32
0
50
0
44
0
52
0
50
0
52
0
46
0
58
0
49
0
41
0
49
0
43
0
48
0
43
0
53
0
34
0
53
0
46
0
48
0
43
0
42
0
41
0
55
0
48
0
44
0
35
0
40
0
44
0
45
0
56
0
45
0
44
0
58
0
33
0
47
0
44
0
46
0
57
0
39
0
51
0
44
0
37
0
45
0
46
0
36
0
35
0
34
0
39
0
41
0
43
0
37
0
33
0
44
0
53
0
45
0
50
0
37
0
46
0
47
0
55
0
40
0
49
0
50
0
43
0
44
0
52
0
50
0
34
0
38
0
43
0
50
0
31
0
47
0
45
0
44
0
40
0
36
0
42
0
42
0
45
0
44
0
38
0
52
0
50
0
37
0
49
0
55
0
35
0
42
0
39
0
40
0
45
0
50
0
44
0
37
0
59
0
40
0
47
0
45
0
43
0
41
0
34
0
50
0
32
0
29
0
40
0
51
0
47
0
38
0
39
0
38
0
46
0
39
0
26
0
30
0
44
0
41
0
46
0
32
0
35
0
29
0
39
0
47
0
41
0
37
0
42
0
51
0
34
0
38
0
56
0
38
0
39
0
29
0
30
0
39
0
51
0
38
0
41
0
32
0
35
0
26
0
41
0
48
0
31
0
35
0
39
0
39
0
39
0
28
0
37
0
45
0
43
0
41
0
32
0
46
0
39
0
44
0
38
0
41
0
47
0
31
0
46
0
43
0
32
0
36
0
31
0
34
0
33
0
49
0
33
0
31
0
28
0
47
0
46
0
35
0
44
0
33
0
36
0
44
0
38
0
39
0
39
0
28
0
32
0
39
0
41
0
26
0
44
0
41
0
39
0
29
0
26
0
37
0
37
0
49
0
45
0
28
0
35
0
30
0
36
0
27
0
24
0
34
0
35
0
21
0
30
0
40
0
36
0
42
0
20
0
37
0
25
0
41
0
29
0
33
0
35
0
24
0
41
0
33
0
30
0
39
0
41
0
42
0
36
0
40
0
38
0
30
0
34
0
34
0
34
0
26
0
31
0
28
0
45
0
42
0
33
0
27
0
31
0
34
0
32
0
33
0
35
0
34
0
31
0
37
0
23
0
40
0
36
0
44
0
31
0
33
0
20
0
32
0
27
0
30
0
25
0
32
0
36
0
32
0
38
0
39
0
29
0
42
0
35
0
38
0
25
0
34
0
31
0
27
0
30
0
35
0
33
0
37
0
31
0
31
0
30
0
28
0
33
0
24
0
32
0
33
0
32
0
45
0
30
0
26
0
28
0
27
0
37
0
26
0
28
0
35
0
26
0
32
0
35
0
23
0
36
0
38
0
24
0
34
0
36
0
24
0
30
0
36
0
21
0
29
0
41
0
32
0
25
0
34
0
36
0
25
0
31
0
32
0
34
0
28
0
21
0
45
0
35
0
36
0
32
0
29
0
38
0
32
0
28
0
28
0
27
0
34
0
27
0
32
0
42
0
34
0
34
0
26
0
32
0
27
0
42
0
39
0
30
0
31
0
30
0
17
0
32
0
28
0
29
0
31
0
32
0
24
0
27
0
21
0
21
0
37
0
26
0
32
0
24
0
35
0
32
0
33
0
41
0
28
0
20
0
29
0
32
0
33
0
25
0
26
0
23
0
31
0
32
0
23
0
26
0
22
0
16
0
28
0
39
0
27
0
22
0
24
0
35
0
21
0
41
0
39
0
29
0
24
0
29
0
34
0
37
0
32
0
39
0
24
0
23
0
32
0
28
0
32
0
18
0
24
0
28
0
30
0
16
0
31
0
16
0
32
0
28
0
33
0
32
0
23
0
19
0
27
0
27
0
19
0
32
0
22
0
34
0
28
0
24
0
29
0
28
0
18
0
26
0
27
0
23
0
21
0
31
0
32
0
28
0
33
0
27
0
39
0
31
0
30
0
28
0
20
0
27
0
20
0
29
0
34
0
31
0
27
0
27
0
23
0
31
0
31
0
28
0
26
0
21
0
31
0
24
0
29
0
25
0
29
0
30
0
27
0
23
0
32
0
31
0
23
0
29
0
29
0
30
0
24
0
16
0
23
0
48
0
0
0
64
0
0
0
49
0
0
0
50
0
0
0
51
0
0
0
54
0
0
0
49
0
0
0
53
0
0
0
65
0
0
0
51
0
0
0
48
0
0
0
44
0
0
0
45
0
0
0
49
0
0
0
44
0
0
0
56
0
0
0
46
0
0
0
66
0
0
0
63
0
0
0
47
0
0
0
57
0
0
0
52
0
0
0
59
0
0
0
41
0
0
0
55
0
0
0
63
0
0
0
66
0
0
0
47
0
0
0
46
0
0
0
43
0
0
0
49
0
0
0
45
0
0
0
53
0
0
0
39
0
0
0
52
0
0
0
49
0
0
0
38
0
0
0
42
0
0
0
49
0
0
0
62
0
0
0
35
0
0
0
49
0
0
0
53
0
0
0
58
0
0
0
50
0
0
0
58
0
0
0
46
0
0
0
54
0
0
0
58
0
0
0
47
0
0
0
52
0
0
0
34
0
0
0
64
0
0
0
51
0
0
0
49
0
0
0
47
0
0
0
41
0
0
0
47
0
0
0
47
0
0
0
37
0
0
0
42
0
0
0
40
0
0
0
60
0
0
0
35
0
0
0
47
0
0
0
46
0
0
0
52
0
0
0
44
0
0
0
52
0
0
0
37
0
0
0
52
0
0
0
27
0
0
0
51
0
0
0
43
0
0
0
50
0
0
0
39
0
0
0
32
0
0
0
39
0
0
0
42
0
0
0
53
0
0
0
48
0
0
0
44
0
0
0
48
0
0
0
39
0
0
0
48
0
0
0
50
0
0
0
41
0
0
0
44
0
0
0
40
0
0
0
49
0
0
0
43
0
0
0
43
0
0
0
43
0
0
0
41
0
0
0
58
0
0
0
46
0
0
0
41
0
0
0
42
0
0
0
44
0
0
0
42
0
0
0
35
0
0
0
39
0
0
0
37
0
0
0
38
0
0
0
43
0
0
0
33
0
0
0
42
0
0
0
35
0
0
0
46
0
0
0
35
0
0
0
32
0
0
0
41
0
0
0
32
0
0
0
45
0
0
0
29
0
0
0
36
0
0
0
33
0
0
0
37
0
0
0
43
0
0
0
37
0
0
0
29
0
0
0
47
0
0
0
27
0
0
0
38
0
0
0
45
0
0
0
38
0
0
0
38
0
0
0
42
0
0
0
35
0
0
0
39
0
0
0
32
0
0
0
33
0
0
0
46
0
0
0
37
0
0
0
40
0
0
0
30
0
0
0
45
0
0
0
39
0
0
0
31
0
0
0
37
0
0
0
37
0
0
0
37
0
0
0
38
0
0
0
41
0
0
0
43
0
0
0
36
0
0
0
41
0
0
0
31
0
0
0
33
0
0
0
34
0
0
0
42
0
0
0
48
0
0
0
33
0
0
0
33
0
0
0
29
0
0
0
40
0
0
0
37
0
0
0
33
0
0
0
38
0
0
0
36
0
0
0
37
0
0
0
40
0
0
0
38
0
0
0
49
0
0
0
32
0
0
0
31
0
0
0
31
0
0
0
31
0
0
0
34
0
0
0
19
0
0
0
27
0
0
0
31
0
0
0
39
0
0
0
36
0
0
0
46
0
0
0
44
0
0
0
51
0
0
0
48
0
0
0
35
0
0
0
34
0
0
0
31
0
0
0
39
0
0
0
30
0
0
0
39
0
0
0
40
0
0
0
23
0
0
0
39
0
0
0
29
0
0
0
43
0
0
0
21
0
0
0
28
0
0
0
27
0
0
0
43
0
0
0
25
0
0
0
41
0
0
0
26
0
0
0
35
0
0
0
30
0
0
0
38
0
0
0
33
0
0
0
36
0
0
0
34
0
0
0
25
0
0
0
41
0
0
0
29
0
0
0
28
0
0
0
34
0
0
0
16
0
0
0
28
0
0
0
40
0
0
0
32
0
0
0
25
0
0
0
24
0
0
0
28
0
0
0
34
0
0
0
39
0
0
0
40
0
0
0
26
0
0
0
31
0
0
0
25
0
0
0
40
0
0
0
35
0
0
0
33
0
0
0
30
0
0
0
20
0
0
0
25
0
0
0
27
0
0
0
28
0
0
0
30
0
0
0
23
0
0
0
27
0
0
0
35
0
0
0
28
0
0
0
31
0
0
0
36
0
0
0
21
0
0
0
31
0
0
0
26
0
0
0
38
0
0
0
37
0
0
0
28
0
0
0
25
0
0
0
29
0
0
0
25
0
0
0
31
0
0
0
30
0
0
0
37
0
0
0
32
0
0
0
19
0
0
0
29
0
0
0
36
0
0
0
19
0
0
0
31
0
0
0
23
0
0
0
21
0
0
0
32
0
0
0
23
0
0
0
28
0
0
0
33
0
0
0
28
0
0
0
26
0
0
0
21
0
0
0
24
0
0
0
30
0
0
0
29
0
0
0
33
0
0
0
23
0
0
0
27
0
0
0
21
0
0
0
28
0
0
0
31
0
0
0
31
0
0
0
32
0
0
0
27
0
0
0
33
0
0
0
24
0
0
0
34
0
0
0
32
0
0
0
16
0
0
0
26
0
0
0
29
0
0
0
29
0
0
0
31
0
0
0
28
0
0
0
32
0
0
0
22
0
0
0
27
0
0
0
25
0
0
0
21
0
0
0
22
0
0
0
24
0
0
0
25
0
0
0
26
0
0
0
34
0
0
0
27
0
0
0
39
0
0
0
33
0
0
0
26
0
0
0
24
0
0
0
24
0
0
0
24
0
0
0
23
0
0
0
24
0
0
0
24
0
0
0
28
0
0
0
26
0
0
0
24
0
0
0
29
0
0
0
27
0
0
0
23
0
0
0
16
0
0
0
21
0
0
0
13
0
0
0
19
0
0
0
21
0
0
0
22
0
0
0
28
0
0
0
30
0
0
0
28
0
0
0
25
0
0
0
21
0
0
0
32
0
0
0
30
0
0
0
24
0
0
0
24
0
0
0
23
0
0
0
20
0
0
0
23
0
0
0
23
0
0
0
30
0
0
0
20
0
0
0
20
0
0
0
23
0
0
0
23
0
0
0
15
0
0
0
20
0
0
0
20
0
0
0
26
0
0
0
22
0
0
0
20
0
0
0
26
0
0
0
27
0
0
0
20
0
0
0
21
0
0
0
26
0
0
0
26
0
0
0
23
0
0
0
19
0
0
0
18
0
0
0
19
0
0
0
22
0
0
0
21
0
0
0
17
0
0
0
17
0
0
0
31
0
0
0
16
0
0
0
27
0
0
0
23
0
0
0
32
0
0
0
16
0
0
0
26
0
0
0
30
0
0
0
24
0
0
0
21
0
0
0
21
0
0
0
13
0
0
0
21
0
0
0
10
0
0
0
28
0
0
0
25
0
0
0
13
0
0
0
26
0
0
0
19
0
0
0
21
0
0
0
20
0
0
0
19
0
0
0
16
0
0
0
31
0
0
0
18
0
0
0
16
0
0
0
25
0
0
0
22
0
0
0
18
0
0
0
18
0
0
0
16
0
0
0
17
0
0
0
12
0
0
0
19
0
0
0
21
0
0
0
14
0
0
0
27
0
0
0
29
0
0
0
19
0
0
0
17
0
0
0
18
0
0
0
19
0
0
0
18
0
0
0
11
0
0
0
13
0
0
0
20
0
0
0
18
0
0
0
20
0
0
0
18
0
0
0
22
0
0
0
14
0
0
0
15
0
0
0
16
0
0
0
19
0
0
0
22
0
0
0
20
0
0
0
19
0
0
0
21
0
0
0
22
0
0
0
20
0
0
0
13
0
0
0
24
0
0
0
20
0
0
0
12
0
0
0
21
0
0
0
28
0
0
0
32
0
0
0
21
0
0
0
12
0
0
0
19
0
0
0
22
0
0
0
16
0
0
0
14
0
0
0
20
0
0
0
14
0
0
0
20
0
0
0
21
0
0
0
20
0
0
0
15
0
0
0
17
0
0
0
22
0
0
0
10
0
0
0
20
0
0
0
20
0
0
0
23
0
0
0
19
0
0
0
18
0
0
0
21
0
0
0
23
0
0
0
18
0
0
0
20
0
0
0
17
0
0
0
15
0
0
0
19
0
0
0
13
0
0
0
18
0
0
0
23
0
0
0
15
0
0
0
18
0
0
0
18
0
0
0
12
0
0
0
26
0
0
0
18
0
0
0
22
0
0
0
18
0
0
0
13
0
0
0
12
0
0
0
12
0
0
0
15
0
0
0
21
0
0
0
12
0
0
0
16
0
0
0
10
0
0
0
13
0
0
0
15
0
0
0
10
0
0
0
21
0
0
0
6
0
0
0
20
0
0
0
20
0
0
0
16
0
0
0
10
0
0
0
17
0
0
0
19
0
0
0
12
0
0
0
16
0
0
0
14
0
0
0
16
0
0
0
24
0
0
0
13
0
0
0
15
0
0
0
20
0
0
0
15
0
0
0
12
0
0
0
12
0
0
0
13
0
0
0
14
0
0
0
14
0
0
0
12
0
0
0
14
0
0
0
21
0
0
0
16
0
0
0
16
0
0
0
24
0
0
0
17
0
0
0
17
0
0
0
21
0
0
0
10
0
0
0
11
0
0
0
12
0
0
0
8
0
0
0
10
0
0
0
13
0
0
0
16
0
0
0
19
0
0
0
10
0
0
0
8
0
0
0
8
0
0
0
12
0
0
0
13
0
0
0
14
0
0
0
11
0
0
0
15
0
0
0
15
0
0
0
12
0
0
0
11
0
0
0
13
0
0
0
17
0
0
0
21
0
0
0
13
0
0
0
24
0
0
0
16
0
0
0
14
0
0
0
16
0
0
0
15
0
0
0
12
0
0
0
18
0
0
0
10
0
0
0
15
0
0
0
13
0
0
0
13
0
0
0
15
0
0
0
12
0
0
0
11
0
0
0
13
0
0
0
9
0
0
0
13
0
0
0
13
0
0
0
7
0
0
0
20
0
0
0
10
0
0
0
9
0
0
0
12
0
0
0
15
0
0
0
20
0
0
0
10
0
0
0
19
0
0
0
12
0
0
0
11
0
0
0
16
0
0
0
9
0
0
0
11
0
0
0
9
0
0
0
12
0
0
0
12
0
0
0
11
0
0
0
11
0
0
0
9
0
0
0
15
0
0
0
8
0
0
0
11
0
0
0
13
0
0
0
10
0
0
0
13
0
0
0
9
0
0
0
13
0
0
0
13
0
0
0
14
0
0
0
15
0
0
0
9
0
0
0
11
0
0
0
14
0
0
0
6
0
0
0
15
0
0
0
6
0
0
0
12
0
0
0
14
0
0
0
12
0
0
0
10
0
0
0
12
0
0
0
14
0
0
0
14
0
0
0
12
0
0
0
14
0
0
0
13
0
0
0
13
0
0
0
17
0
0
0
14
0
0
0
8
0
0
0
12
0
0
0
13
0
0
0
9
0
0
0
13
0
0
0
10
0
0
0
14
0
0
0
15
0
0
0
13
0
0
0
9
0
0
0
15
0
0
0
12
0
0
0
13
0
0
0
13
0
0
0
12
0
0
0
14
0
0
0
10
0
0
0
11
0
0
0
16
0
0
0
11
0
0
0
11
0
0
0
11
0
0
0
7
0
0
0
13
0
0
0
13
0
0
0
10
0
0
0
13
0
0
0
14
0
0
0
13
0
0
0
9
0
0
0
5
0
0
0
12
0
0
0
15
0
0
0
7
0
0
0
13
0
0
0
7
0
0
0
14
0
0
0
9
0
0
0
16
0
0
0
8
0
0
0
12
0
0
0
8
0
0
0
12
0
0
0
5
0
0
0
6
0
0
0
13
0
0
0
8
0
0
0
10
0
0
0
14
0
0
0
15
0
0
0
11
0
0
0
10
0
0
0
8
0
0
0
4
0
0
0
13
0
0
0
4
0
0
0
6
0
0
0
7
0
0
0
8
0
0
0
9
0
0
0
4
0
0
0
12
0
0
0
9
0
0
0
11
0
0
0
8
0
0
0
9
0
0
0
11
0
0
0
9
0
0
0
11
0
0
0
8
0
0
0
9
0
0
0
11
0
0
0
11
0
0
0
9
0
0
0
3
0
0
0
7
0
0
0
8
0
0
0
12
0
0
0
22
0
0
0
9
0
0
0
11
0
0
0
15
0
0
0
10
0
0
0
9
0
0
0
10
0
0
0
14
0
0
0
11
0
0
0
12
0
0
0
13
0
0
0
6
0
0
0
8
0
0
0
11
0
0
0
6
0
0
0
18
0
0
0
9
0
0
0
11
0
0
0
10
0
0
0
15
0
0
0
7
0
0
0
12
0
0
0
8
0
0
0
4
0
0
0
5
0
0
0
10
0
0
0
7
0
0
0
7
0
0
0
14
0
0
0
9
0
0
0
13
0
0
0
10
0
0
0
10
0
0
0
8
0
0
0
10
0
0
0
7
0
0
0
9
0
0
0
9
0
0
0
8
0
0
0
10
0
0
0
2
0
0
0
14
0
0
0
10
0
0
0
11
0
0
0
8
0
0
0
12
0
0
0
8
0
0
0
11
0
0
0
11
0
0
0
10
0
0
0
12
0
0
0
12
0
0
0
16
0
0
0
7
0
0
0
7
0
0
0
12
0
0
0
6
0
0
0
5
0
0
0
9
0
0
0
8
0
0
0
7
0
0
0
9
0
0
0
6
0
0
0
5
0
0
0
6
0
0
0
9
0
0
0
8
0
0
0
6
0
0
0
4
0
0
0
6
0
0
0
10
0
0
0
13
0
0
0
11
0
0
0
13
0
0
0
9
0
0
0
6
0
0
0
10
0
0
0
11
0
0
0
5
0
0
0
7
0
0
0
5
0
0
0
10
0
0
0
13
0
0
0
9
0
0
0
6
0
0
0
5
0
0
0
3
0
0
0
11
0
0
0
4
0
0
0
12
0
0
0
10
0
0
0
10
0
0
0
7
0
0
0
8
0
0
0
5
0
0
0
6
0
0
0
5
0
0
0
7
0
0
0
8
0
0
0
8
0
0
0
6
0
0
0
2
0
0
0
6
0
0
0
9
0
0
0
5
0
0
0
5
0
0
0
10
0
0
0
2
0
0
0
6
0
0
0
6
0
0
0
5
0
0
0
9
0
0
0
6
0
0
0
6
0
0
0
8
0
0
0
7
0
0
0
4
0
0
0
3
0
0
0
2
0
0
0
9
0
0
0
8
0
0
0
10
0
0
0
7
0
0
0
9
0
0
0
7
0
0
0
6
0
0
0
4
0
0
0
6
0
0
0
12
0
0
0
9
0
0
0
8
0
0
0
4
0
0
0
4
0
0
0
3
0
0
0
4
0
0
0
6
0
0
0
8
0
0
0
4
0
0
0
6
0
0
0
7
0
0
0
7
0
0
0
12
0
0
0
2
0
0
0
5
0
0
0
5
0
0
0
4
0
0
0
3
0
0
0
9
0
0
0
2
0
0
0
8
0
0
0
7
0
0
0
7
0
0
0
2
0
0
0
9
0
0
0
6
0
0
0
4
0
0
0
9
0
0
0
7
0
0
0
8
0
0
0
3
0
0
0
6
0
0
0
5
0
0
0
10
0
0
0
8
0
0
0
4
0
0
0
10
0
0
0
7
0
0
0
5
0
0
0
6
0
0
0
6
0
0
0
6
0
0
0
5
0
0
0
5
0
0
0
6
0
0
0
8
0
0
0
6
0
0
0
8
0
0
0
5
0
0
0
7
0
0
0
7
0
0
0
6
0
0
0
1
0
0
0
4
0
0
0
5
0
0
0
7
0
0
0
3
0
0
0
1
0
0
0
8
0
0
0
4
0
0
0
4
0
0
0
3
0
0
0
7
0
0
0
5
0
0
0
9
0
0
0
5
0
0
0
4
0
0
0
3
0
0
0
5
0
0
0
7
0
0
0
6
0
0
0
7
0
0
0
1
0
0
0
3
0
0
0
6
0
0
0
5
0
0
0
4
0
0
0
5
0
0
0
6
0
0
0
7
0
0
0
6
0
0
0
6
0
0
0
8
0
0
0
5
0
0
0
3
0
0
0
9
0
0
0
2
0
0
0
5
0
0
0
5
0
0
0
3
0
0
0
6
0
0
0
1
0
0
0
6
0
0
0
8
0
0
0
3
0
0
0
6
0
0
0
3
0
0
0
4
0
0
0
8
0
0
0
7
0
0
0
5
0
0
0
3
0
0
0
5
0
0
0
6
0
0
0
8
0
0
0
2
0
0
0
2
0
0
0
2
0
0
0
7
0
0
0
5
0
0
0
2
0
0
0
8
0
0
0
8
0
0
0
4
0
0
0
2
0
0
0
5
0
0
0
3
0
0
0
4
0
0
0
2
0
0
0
1
0
0
0
2
0
0
0
4
0
0
0
4
0
0
0
2
0
0
0
6
0
0
0
5
0
0
0
5
0
0
0
4
0
0
0
4
0
0
0
3
0
0
0
5
0
0
0
2
0
0
0
6
0
0
0
5
0
0
0
6
0
0
0
1
0
0
0
3
0
0
0
6
0
0
0
6
0
0
0
5
0
0
0
5
0
0
0
5
0
0
0
5
0
0
0
4
0
0
0
4
0
0
0
4
0
0
0
4
0
0
0
5
0
0
0
6
0
0
0
1
0
0
0
2
0
0
0
4
0
0
0
2
0
0
0
7
0
0
0
5
0
0
0
4
0
0
0
3
0
0
0
10
0
0
0
4
0
0
0
5
0
0
0
5
0
0
0
3
0
0
0
6
0
0
0
3
0
0
0
2
0
0
0
2
0
0
0
7
0
0
0
4
0
0
0
5
0
0
0
2
0
0
0
6
0
0
0
5
0
0
0
6
0
0
0
3
0
0
0
3
0
0
0
3
0
0
0
6
0
0
0
6
0
0
0
2
0
0
0
4
0
0
0
7
0
0
0
3
0
0
0
4
0
0
0
1
0
0
0
5
0
0
0
0
0
0
0
1
0
0
0
5
0
0
0
3
0
0
0
3
0
0
0
2
0
0
0
3
0
0
0
2
0
0
0
6
0
0
0
4
0
0
0
4
0
0
0
9
0
0
0
7
0
0
0
6
0
0
0
6
0
0
0
4
0
0
0
2
0
0
0
1
0
0
0
2
0
0
0
1
0
0
0
7
0
0
0
1
0
0
0
2
0
0
0
2
0
0
0
3
0
0
0
3
0
0
0
3
0
0
0
3
0
0
0
4
0
0
0
4
0
0
0
4
0
0
0
2
0
0
0
1
0
0
0
3
0
0
0
0
0
0
0
2
0
0
0
3
0
0
0
3
0
0
0
4
0
0
0
3
0
0
0
11
0
0
0
0
0
0
0
9
0
0
0
0
0
0
0
4
0
0
0
0
0
0
0
10
0
0
0
0
0
0
0
7
0
0
0
0
0
0
0
5
0
0
0
0
0
0
0
11
0
0
0
0
0
0
0
9
0
0
0
0
0
0
0
9
0
0
0
0
0
0
0
16
0
0
0
0
0
0
0
6
0
0
0
0
0
0
0
5
0
0
0
0
0
0
0
11
0
0
0
0
0
0
0
9
0
0
0
0
0
0
0
6
0
0
0
0
0
0
0
8
0
0
0
0
0
0
0
5
0
0
0
0
0
0
0
5
0
0
0
0
0
0
0
3
0
0
0
0
0
0
0
7
0
0
0
0
0
0
0
11
0
0
0
0
0
0
0
9
0
0
0
0
0
0
0
7
0
0
0
0
0
0
0
9
0
0
0
0
0
0
0
6
0
0
0
0
0
0
0
3
0
0
0
0
0
0
0
7
0
0
0
0
0
0
0
7
0
0
0
0
0
0
0
9
0
0
0
0
0
0
0
2
0
0
0
0
0
0
0
5
0
0
0
0
0
0
0
3
0
0
0
0
0
0
0
5
0
0
0
0
0
0
0
7
0
0
0
0
0
0
0
6
0
0
0
0
0
0
0
8
0
0
0
0
0
0
0
4
0
0
0
0
0
0
0
6
0
0
0
0
0
0
0
3
0
0
0
0
0
0
0
8
0
0
0
0
0
0
0
7
0
0
0
0
0
0
0
5
0
0
0
0
0
0
0
9
0
0
0
0
0
0
0
6
0
0
0
0
0
0
0
5
0
0
0
0
0
0
0
6
0
0
0
0
0
0
0
8
0
0
0
0
0
0
0
7
0
0
0
0
0
0
0
8
0
0
0
0
0
0
0
3
0
0
0
0
0
0
0
9
0
0
0
0
0
0
0
7
0
0
0
0
0
0
0
2
0
0
0
0
0
0
0
1
0
0
0
0
0
0
0
9
0
0
0
0
0
0
0
8
0
0
0
0
0
0
0
9
0
0
0
0
0
0
0
1
0
0
0
0
0
0
0
1
0
0
0
0
0
0
0
0
0
0
0
0
0
0
0
6
0
0
0
0
0
0
0
8
0
0
0
0
0
0
0
5
0
0
0
0
0
0
0
6
0
0
0
0
0
0
0
6
0
0
0
0
0
0
0
4
0
0
0
0
0
0
0
7
0
0
0
0
0
0
0
3
0
0
0
0
0
0
0
7
0
0
0
0
0
0
0
9
0
0
0
0
0
0
0
6
0
0
0
0
0
0
0
9
0
0
0
0
0
0
0
6
0
0
0
0
0
0
0
8
0
0
0
0
0
0
0
9
0
0
0
0
0
0
0
2
0
0
0
0
0
0
0
10
0
0
0
0
0
0
0
2
0
0
0
0
0
0
0
5
0
0
0
0
0
0
0
8
0
0
0
0
0
0
0
8
0
0
0
0
0
0
0
2
0
0
0
0
0
0
0
3
0
0
0
0
0
0
0
7
0
0
0
0
0
0
0
6
0
0
0
0
0
0
0
8
0
0
0
0
0
0
0
12
0
0
0
0
0
0
0
8
0
0
0
0
0
0
0
8
0
0
0
0
0
0
0
6
0
0
0
0
0
0
0
5
0
0
0
0
0
0
0
6
0
0
0
0
0
0
0
1
0
0
0
0
0
0
0
5
0
0
0
0
0
0
0
3
0
0
0
0
0
0
0
2
0
0
0
0
0
0
0
3
0
0
0
0
0
0
0
6
0
0
0
0
0
0
0
10
0
0
0
0
0
0
0
3
0
0
0
0
0
0
0
5
0
0
0
0
0
0
0
2
0
0
0
0
0
0
0
4
0
0
0
0
0
0
0
3
0
0
0
0
0
0
0
9
0
0
0
0
0
0
0
4
0
0
0
0
0
0
0
3
0
0
0
0
0
0
0
0
0
0
0
0
0
0
0
12
0
0
0
0
0
0
0
11
0
0
0
0
0
0
0
6
0
0
0
0
0
0
0
5
0
0
0
0
0
0
0
2
0
0
0
0
0
0
0
1
0
0
0
0
0
0
0
7
0
0
0
0
0
0
0
2
0
0
0
0
0
0
0
9
0
0
0
0
0
0
0
2
0
0
0
0
0
0
0
5
0
0
0
0
0
0
0
5
0
0
0
0
0
0
0
3
0
0
0
0
0
0
0
7
0
0
0
0
0
0
0
5
0
0
0
0
0
0
0
4
0
0
0
0
0
0
0
2
0
0
0
0
0
0
0
7
0
0
0
0
0
0
0
3
0
0
0
0
0
0
0
3
0
0
0
0
0
0
0
5
0
0
0
0
0
0
0
5
0
0
0
0
0
0
0
12
0
0
0
0
0
0
0
3
0
0
0
0
0
0
0
3
0
0
0
0
0
0
0
6
0
0
0
0
0
0
0
2
0
0
0
0
0
0
0
1
0
0
0
0
0
0
0
4
0
0
0
0
0
0
0
4
0
0
0
0
0
0
0
3
0
0
0
0
0
0
0
0
0
0
0
0
0
0
0
4
0
0
0
0
0
0
0
6
0
0
0
0
0
0
0
3
0
0
0
0
0
0
0
2
0
0
0
0
0
0
0
4
0
0
0
0
0
0
0
4
0
0
0
0
0
0
0
3
0
0
0
0
0
0
0
4
0
0
0
0
0
0
0
7
0
0
0
0
0
0
0
6
0
0
0
0
0
0
0
2
0
0
0
0
0
0
0
6
0
0
0
0
0
0
0
1
0
0
0
0
0
0
0
2
0
0
0
0
0
0
0
1
0
0
0
0
0
0
0
5
0
0
0
0
0
0
0
3
0
0
0
0
0
0
0
2
0
0
0
0
0
0
0
7
0
0
0
0
0
0
0
1
0
0
0
0
0
0
0
3
0
0
0
0
0
0
0
3
0
0
0
0
0
0
0
1
0
0
0
0
0
0
0
5
0
0
0
0
0
0
0
2
0
0
0
0
0
0
0
4
0
0
0
0
0
0
0
5
0
0
0
0
0
0
0
4
0
0
0
0
0
0
0
5
0
0
0
0
0
0
0
2
0
0
0
0
0
0
0
2
0
0
0
0
0
0
0
6
0
0
0
0
0
0
0
4
0
0
0
0
0
0
0
3
0
0
0
0
0
0
0
5
0
0
0
0
0
0
0
2
0
0
0
0
0
0
0
1
0
0
0
0
0
0
0
3
0
0
0
0
0
0
0
3
0
0
0
0
0
0
0
0
0
0
0
0
0
0
0
2
0
0
0
0
0
0
0
2
0
0
0
0
0
0
0
0
0
0
0
0
0
0
0
3
0
0
0
0
0
0
0
3
0
0
0
0
0
0
0
2
0
0
0
0
0
0
0
3
0
0
0
0
0
0
0
5
0
0
0
0
0
0
0
6
0
0
0
0
0
0
0
3
0
0
0
0
0
0
0
2
0
0
0
0
0
0
0
4
0
0
0
0
0
0
0
1
0
0
0
0
0
0
0
3
0
0
0
0
0
0
0
0
0
0
0
0
0
0
0
0
0
0
0
0
0
0
0
0
0
0
0
0
0
0
0
1
0
0
0
0
0
0
0
6
0
0
0
0
0
0
0
4
0
0
0
0
0
0
0
1
0
0
0
0
0
0
0
3
0
0
0
0
0
0
0
3
0
0
0
0
0
0
0
2
0
0
0
0
0
0
0
2
0
0
0
0
0
0
0
1
0
0
0
0
0
0
0
5
0
0
0
0
0
0
0
6
0
0
0
0
0
0
0
4
0
0
0
0
0
0
0
3
0
0
0
0
0
0
0
4
0
0
0
0
0
0
0
0
0
0
0
0
0
0
0
3
0
0
0
0
0
0
0
4
0
0
0
0
0
0
0
0
0
0
0
0
0
0
0
5
0
0
0
0
0
0
0
5
0
0
0
0
0
0
0
2
0
0
0
0
0
0
0
0
0
0
0
0
0
0
0
4
0
0
0
0
0
0
0
2
0
0
0
0
0
0
0
2
0
0
0
0
0
0
0
5
0
0
0
0
0
0
0
2
0
0
0
0
0
0
0
2
0
0
0
0
0
0
0
3
0
0
0
0
0
0
0
2
0
0
0
0
0
0
0
3
0
0
0
0
0
0
0
5
0
0
0
0
0
0
0
0
0
0
0
0
0
0
0
3
0
0
0
0
0
0
0
3
0
0
0
0
0
0
0
3
0
0
0
0
0
0
0
0
0
0
0
0
0
0
0
2
0
0
0
0
0
0
0
2
0
0
0
0
0
0
0
2
0
0
0
0
0
0
0
2
0
0
0
0
0
0
0
4
0
0
0
0
0
0
0
2
0
0
0
0
0
0
0
4
0
0
0
0
0
0
0
0
0
0
0
0
0
0
0
0
0
0
0
0
0
0
0
3
0
0
0
0
0
0
0
2
0
0
0
0
0
0
0
3
0
0
0
0
0
0
0
2
0
0
0
0
0
0
0
1
0
0
0
0
0
0
0
2
0
0
0
0
0
0
0
2
0
0
0
0
0
0
0
4
0
0
0
0
0
0
0
3
0
0
0
0
0
0
0
2
0
0
0
0
0
0
0
4
0
0
0
0
0
0
0
5
0
0
0
0
0
0
0
3
0
0
0
0
0
0
0
1
0
0
0
0
0
0
0
2
0
0
0
0
0
0
0
1
0
0
0
0
0
0
0
4
0
0
0
0
0
0
0
0
0
0
0
0
0
0
0
2
0
0
0
0
0
0
0
1
0
0
0
0
0
0
0
1
0
0
0
0
0
0
0
2
0
0
0
0
0
0
0
3
0
0
0
0
0
0
0
4
0
0
0
0
0
0
0
2
0
0
0
0
0
0
0
0
0
0
0
0
0
0
0
2
0
0
0
0
0
0
0
2
0
0
0
0
0
0
0
5
0
0
0
0
0
0
0
1
0
0
0
0
0
0
0
3
0
0
0
0
0
0
0
2
0
0
0
0
0
0
0
3
0
0
0
0
0
0
0
4
0
0
0
0
0
0
0
1
0
0
0
0
0
0
0
0
0
0
0
0
0
0
0
1
0
0
0
0
0
0
0
1
0
0
0
0
0
0
0
0
0
0
0
0
0
0
0
2
0
0
0
0
0
0
0
3
0
0
0
0
0
0
0
1
0
0
0
0
0
0
0
2
0
0
0
0
0
0
0
3
0
0
0
0
0
0
0
3
0
0
0
0
0
0
0
0
0
0
0
0
0
0
0
3
0
0
0
0
0
0
0
4
0
0
0
0
0
0
0
0
0
0
0
0
0
0
0
3
0
0
0
0
0
0
0
2
0
0
0
0
0
0
0
2
0
0
0
0
0
0
0
3
0
0
0
0
0
0
0
0
0
0
0
0
0
0
0
4
0
0
0
0
0
0
0
2
0
0
0
0
0
0
0
2
0
0
0
0
0
0
0
2
0
0
0
0
0
0
0
5
0
0
0
0
0
0
0
1
0
0
0
0
0
0
0
0
0
0
0
0
0
0
0
0
0
0
0
0
0
0
0
2
0
0
0
0
0
0
0
0
0
0
0
0
0
0
0
1
0
0
0
0
0
0
0
0
0
0
0
0
0
0
0
1
0
0
0
0
0
0
0
1
0
0
0
0
0
0
0
1
0
0
0
0
0
0
0
0
0
0
0
0
0
0
0
1
0
0
0
0
0
0
0
1
0
0
0
0
0
0
0
1
0
0
0
0
0
0
0
0
0
0
0
0
0
0
0
1
0
0
0
0
0
0
0
1
0
0
0
0
0
0
0
0
0
0
0
0
0
0
0
2
0
0
0
0
0
0
0
2
0
0
0
0
0
0
0
0
0
0
0
0
0
0
0
0
0
0
0
0
0
0
0
3
0
0
0
0
0
0
0
0
0
0
0
0
0
0
0
1
0
0
0
0
0
0
0
1
0
0
0
0
0
0
0
1
0
0
0
0
0
0
0
1
0
0
0
0
0
0
0
0
0
0
0
0
0
0
0
0
0
0
0
0
0
0
0
2
0
0
0
0
0
0
0
2
0
0
0
0
0
0
0
0
0
0
0
0
0
0
0
1
0
0
0
0
0
0
0
0
0
0
0
0
0
0
0
0
0
0
0
0
0
0
0
1
0
0
0
0
0
0
0
0
0
0
0
0
0
0
0
1
0
0
0
0
0
0
0
0
0
0
0
0
0
0
0
2
0
0
0
0
0
0
0
4
0
0
0
0
0
0
0
0
0
0
0
0
0
0
0
0
0
0
0
0
0
0
0
1
0
0
0
0
0
0
0
1
0
0
0
0
0
0
0
0
0
0
0
0
0
0
0
2
0
0
0
0
0
0
0
1
0
0
0
0
0
0
0
2
0
0
0
0
0
0
0
2
0
0
0
0
0
0
0
0
0
0
0
0
0
0
0
1
0
0
0
0
0
0
0
1
0
0
0
0
0
0
0
1
0
0
0
0
0
0
0
1
0
0
0
0
0
0
0
1
0
0
0
0
0
0
0
1
0
0
0
0
0
0
0
0
0
0
0
0
0
0
0
1
0
0
0
0
0
0
0
1
0
0
0
0
0
0
0
1
0
0
0
0
0
0
0
1
0
0
0
0
0
0
0
2
0
0
0
0
0
0
0
0
0
0
0
0
0
0
0
1
0
0
0
0
0
0
0
0
0
0
0
0
0
0
0
2
0
0
0
0
0
0
0
0
0
0
0
0
0
0
0
1
0
0
0
0
0
0
0
3
0
0
0
0
0
0
0
3
0
0
0
0
0
0
0
1
0
0
0
0
0
0
0
0
0
0
0
0
0
0
0
1
0
0
0
0
0
0
0
0
0
0
0
0
0
0
0
2
0
0
0
0
0
0
0
2
0
0
0
0
0
0
0
0
0
0
0
0
0
0
0
0
0
0
0
0
0
0
0
2
0
0
0
0
0
0
0
1
0
0
0
0
0
0
0
1
0
0
0
0
0
0
0
0
0
0
0
0
0
0
0
0
0
0
0
0
0
0
0
1
0
0
0
0
0
0
0
2
0
0
0
0
0
0
0
2
0
0
0
0
0
0
0
0
0
0
0
0
0
0
0
1
0
0
0
0
0
0
0
0
0
0
0
0
0
0
0
3
0
0
0
0
0
0
0
0
0
0
0
0
0
0
0
1
0
0
0
0
0
0
0
1
0
0
0
0
0
0
0
1
0
0
0
0
0
0
0
1
0
0
0
0
0
0
0
1
0
0
0
0
0
0
0
0
0
0
0
0
0
0
0
0
0
0
0
0
0
0
0
1
0
0
0
0
0
0
0
1
0
0
0
0
0
0
0
2
0
0
0
0
0
0
0
0
0
0
0
0
0
0
0
1
0
0
0
0
0
0
0
0
0
0
0
0
0
0
0
0
0
0
0
0
0
0
0
0
0
0
0
0
0
0
0
1
0
0
0
0
0
0
0
1
0
0
0
0
0
0
0
2
0
0
0
0
0
0
0
0
0
0
0
0
0
0
0
1
0
0
0
0
0
0
0
0
0
0
0
0
0
0
0
1
0
0
0
0
0
0
0
0
0
0
0
0
0
0
0
2
0
0
0
0
0
0
0
1
0
0
0
0
0
0
0
1
0
0
0
0
0
0
0
1
0
0
0
0
0
0
0
0
0
0
0
0
0
0
0
0
0
0
0
0
0
0
0
2
0
0
0
0
0
0
0
0
0
0
0
0
0
0
0
0
0
0
0
0
0
0
0
0
0
0
0
0
0
0
0
1
0
0
0
0
0
0
0
1
0
0
0
0
0
0
0
0
0
0
0
0
0
0
0
1
0
0
0
0
0
0
0
0
0
0
0
0
0
0
0
1
0
0
0
0
0
0
0
0
0
0
0
0
0
0
0
1
0
0
0
0
0
0
0
1
0
0
0
0
0
0
0
2
0
0
0
0
0
0
0
1
0
0
0
0
0
0
0
0
0
0
0
0
0
0
0
1
0
0
0
0
0
0
0
0
0
0
0
0
0
0
0
0
0
0
0
0
0
0
0
0
0
0
0
0
0
0
0
4
0
0
0
0
0
0
0
1
0
0
0
0
0
0
0
3
0
0
0
0
0
0
0
0
0
0
0
0
0
0
0
0
0
0
0
0
0
0
0
1
0
0
0
0
0
0
0
0
0
0
0
0
0
0
0
1
0
0
0
0
0
0
0
1
0
0
0
0
0
0
0
1
0
0
0
0
0
0
0
0
0
0
0
0
0
0
0
1
0
0
0
0
0
0
0
0
0
0
0
0
0
0
0
0
0
0
0
0
0
0
0
1
0
0
0
0
0
0
0
2
0
0
0
0
0
0
0
0
0
0
0
0
0
0
0
2
0
0
0
0
0
0
0
0
0
0
0
0
0
0
0
0
0
0
0
0
0
0
0
0
0
0
0
0
0
0
0
2
0
0
0
0
0
0
0
1
0
0
0
0
0
0
0
1
0
0
0
0
0
0
0
1
0
0
0
0
0
0
0
1
0
0
0
0
0
0
0
0
0
0
0
0
0
0
0
0
0
0
0
0
0
0
0
1
0
0
0
0
0
0
0
2
0
0
0
0
0
0
0
0
0
0
0
0
0
0
0
0
0
0
0
0
0
0
0
2
0
0
0
0
0
0
0
0
0
0
0
0
0
0
0
0
0
0
0
0
0
0
0
1
0
0
0
0
0
0
0
2
0
0
0
0
0
0
0
0
0
0
0
0
0
0
0
1
0
0
0
0
0
0
0
0
0
0
0
0
0
0
0
2
0
0
0
0
0
0
0
0
0
0
0
0
0
0
0
1
0
0
0
0
0
0
0
0
0
0
0
0
0
0
0
0
0
0
0
0
0
0
0
1
0
0
0
0
0
0
0
1
0
0
0
0
0
0
0
1
0
0
0
0
0
0
0
0
0
0
0
0
0
0
0
0
0
0
0
0
0
0
0
0
0
0
0
0
0
0
0
1
0
0
0
0
0
0
0
2
0
0
0
0
0
0
0
0
0
0
0
0
0
0
0
0
0
0
0
0
0
0
0
0
0
0
0
0
0
0
0
2
0
0
0
0
0
0
0
1
0
0
0
0
0
0
0
0
0
0
0
0
0
0
0
0
0
0
0
0
0
0
0
1
0
0
0
0
0
0
0
1
0
0
0
0
0
0
0
0
0
0
0
0
0
0
0
1
0
0
0
0
0
0
0
0
0
0
0
0
0
0
0
0
0
0
0
0
0
0
0
1
0
0
0
0
0
0
0
1
0
0
0
0
0
0
0
1
0
0
0
0
0
0
0
0
0
0
0
0
0
0
0
0
0
0
0
0
0
0
0
0
0
0
0
0
0
0
0
1
0
0
0
0
0
0
0
0
0
0
0
0
0
0
0
1
0
0
0
0
0
0
0
0
0
0
0
0
0
0
0
0
0
0
0
0
0
0
0
0
0
0
0
0
0
0
0
1
0
0
0
0
0
0
0
0
0
0
0
0
0
0
0
0
0
0
0
0
0
0
0
0
0
0
0
0
0
0
0
0
0
0
0
0
0
0
0
0
0
0
0
0
0
0
0
1
0
0
0
0
0
0
0
0
0
0
0
0
0
0
0
0
0
0
0
0
0
0
0
0
0
0
0
0
0
0
0
0
0
0
0
0
0
0
0
1
0
0
0
0
0
0
0
1
0
0
0
0
0
0
0
0
0
0
0
0
0
0
0
0
0
0
0
0
0
0
0
1
0
0
0
0
0
0
0
0
0
0
0
0
0
0
0
0
0
0
0
0
0
0
0
0
0
0
0
0
0
0
0
0
0
0
0
0
0
0
0
0
0
0
0
0
0
0
0
0
0
0
0
0
0
0
0
0
0
0
0
0
0
0
0
0
0
0
0
0
0
0
0
1
0
0
0
0
0
0
0
0
0
0
0
0
0
0
0
0
0
0
0
0
0
0
0
0
0
0
0
0
0
0
0
0
0
0
0
0
0
0
0
0
0
0
0
0
0
0
0
0
0
0
0
0
0
0
0
0
0
0
0
0
0
0
0
0
0
0
0
0
0
0
0
2
0
0
0
0
0
0
0
0
0
0
0
0
0
0
0
1
0
0
0
0
0
0
0
0
0
0
0
0
0
0
0
1
0
0
0
0
0
0
0
1
0
0
0
0
0
0
0
0
0
0
0
0
0
0
0
0
0
0
0
0
0
0
0
0
0
0
0
0
0
0
0
0
0
0
0
0
0
0
0
0
0
0
0
0
0
0
0
0
0
0
0
0
0
0
0
0
0
0
0
0
0
0
0
1
0
0
0
0
0
0
0
0
0
0
0
0
0
0
0
0
0
0
0
0
0
0
0
0
0
0
0
0
0
0
0
0
0
0
0
0
0
0
0
0
0
0
0
0
0
0
0
1
0
0
0
0
0
0
0
0
0
0
0
0
0
0
0
0
0
0
0
0
0
0
0
1
0
0
0
0
0
0
0
2
0
0
0
0
0
0
0
0
0
0
0
0
0
0
0
0
0
0
0
0
0
0
0
0
0
0
0
0
0
0
0
0
0
0
0
0
0
0
0
0
0
0
0
0
0
0
0
1
0
0
0
0
0
0
0
0
0
0
0
0
0
0
0
0
0
0
0
0
0
0
0
0
0
0
0
0
0
0
0
0
0
0
0
0
0
0
0
0
0
0
0
0
0
0
0
0
0
0
0
0
0
0
0
0
0
0
0
0
0
0
0
0
0
0
0
0
0
0
0
0
0
0
0
0
0
0
0
0
0
0
0
0
0
0
0
0
0
0
0
0
0
0
0
1
0
0
0
0
0
0
0
0
0
0
0
0
0
0
0
0
0
0
0
0
0
0
0
0
0
0
0
0
0
0
0
1
0
0
0
0
0
0
0
0
0
0
0
0
0
0
0
0
0
0
0
0
0
0
0
1
0
0
0
0
0
0
0
3
0
0
0
0
0
0
0
0
0
0
0
0
0
0
0
0
0
0
0
0
0
0
0
0
0
0
0
0
0
0
0
2
0
0
0
0
0
0
0
0
0
0
0
0
0
0
0
0
0
0
0
0
0
0
0
1
0
0
0
0
0
0
0
0
0
0
0
0
0
0
0
0
0
0
0
0
0
0
0
0
0
0
0
0
0
0
0
1
0
0
0
0
0
0
0
0
0
0
0
0
0
0
0
0
0
0
0
0
0
0
0
0
0
0
0
0
0
0
0
0
0
0
0
0
0
0
0
1
0
0
0
0
0
0
0
1
0
0
0
0
0
0
0
0
0
0
0
0
0
0
0
0
0
0
0
0
0
0
0
1
0
0
0
0
0
0
0
1
0
0
0
0
0
0
0
0
0
0
0
0
0
0
0
0
0
0
0
0
0
0
0
0
0
0
0
0
0
0
0
0
0
0
0
0
0
0
0
0
0
0
0
0
0
0
0
0
0
0
0
0
0
0
0
0
0
0
0
0
0
0
0
0
0
0
0
0
0
0
0
0
0
0
0
0
0
0
0
1
0
0
0
0
0
0
0
1
0
0
0
0
0
0
0
0
0
0
0
0
0
0
0
0
0
0
0
0
0
0
0
0
0
0
0
0
0
0
0
0
0
0
0
0
0
0
0
0
0
0
0
0
0
0
0
0
0
0
0
0
0
0
0
0
0
0
0
0
0
0
0
0
0
0
0
0
0
0
0
0
0
0
0
0
0
0
0
0
0
0
0
0
0
0
0
1
0
0
0
0
0
0
0
0
0
0
0
0
0
0
0
1
0
0
0
0
0
0
0
1
0
0
0
0
0
0
0
0
0
0
0
0
0
0
0
0
0
0
0
0
0
0
0
0
0
0
0
0
0
0
0
0
0
0
0
0
0
0
0
0
0
0
0
0
0
0
0
0
0
0
0
0
0
0
0
0
0
0
0
0
0
0
0
0
0
0
0
0
0
0
0
0
0
0
0
0
0
0
0
0
0
0
0
0
0
0
0
0
0
0
0
0
0
0
0
0
0
0
0
0
0
0
0
0
0
0
0
0
0
0
0
0
0
0
0
0
0
0
0
0
0
0
0
0
0
0
0
0
0
0
0
0
0
0
0
0
0
0
0
0
0
0
0
0
0
0
0
0
0
0
0
0
0
0
0
0
0
0
0
0
0
0
0
0
0
0
0
0
0
0
0
0
0
0
0
0
0
0
0
0
0
0
0
0
0
0
0
0
0
0
0
0
0
0
0
0
0
0
0
0
0
0
0
0
0
0
0
0
0
0
0
0
0
0
0
0
0
0
0
0
0
0
0
0
0
0
0
0
0
0
0
1
0
0
0
0
0
0
0
0
0
0
0
0
0
0
0
0
0
0
0
0
0
0
0
0
0
0
0
0
0
0
0
0
0
0
0
0
0
0
0
0
0
0
0
0
0
0
0
1
0
0
0
0
0
0
0
1
0
0
0
0
0
0
0
0
0
0
0
0
0
0
0
0
0
0
0
0
0
0
0
0
0
0
0
0
0
0
0
1
0
0
0
0
0
0
0
0
0
0
0
0
0
0
0
0
0
0
0
0
0
0
0
0
0
0
0
0
0
0
0
0
0
0
0
0
0
0
0
0
0
0
0
0
0
0
0
0
0
0
0
0
0
0
0
0
0
0
0
0
0
0
0
0
0
0
0
0
0
0
0
0
0
0
0
0
0
0
0
0
0
0
0
0
0
0
0
0
0
0
0
0
0
0
0
0
0
0
0
0
0
0
0
0
0
0
0
0
0
0
0
0
0
0
0
0
0
0
0
0
0
0
0
0
0
0
0
0
0
0
0
0
0
0
0
0
0
0
0
0
0
0
0
0
0
0
0
0
0
0
0
0
0
0
0
0
0
0
0
0
0
0
0
0
0
0
0
1
0
0
0
0
0
0
0
0
0
0
0
0
0
0
0
0
0
0
0
0
0
0
0
1
0
0
0
0
0
0
0
0
0
0
0
0
0
0
0
0
0
0
0
0
0
0
0
1
0
0
0
0
0
0
0
1
0
0
0
0
0
0
0
1
0
0
0
0
0
0
0
0
0
0
0
0
0
0
0
0
0
0
0
0
0
0
0
0
0
0
0
0
0
0
0
0
0
0
0
0
0
0
0
0
0
0
0
0
0
0
0
1
0
0
0
0
0
0
0
0
0
0
0
0
0
0
0
0
0
0
0
0
0
0
0
0
0
0
0
0
0
0
0
0
0
0
0
0
0
0
0
0
0
0
0
0
0
0
0
0
0
0
0
0
0
0
0
0
0
0
0
0
0
0
0
0
0
0
0
0
0
0
0
0
0
0
0
0
0
0
0
0
0
0
0
0
0
0
0
0
0
0
0
0
0
0
0
0
0
0
0
0
0
0
0
0
0
0
0
0
0
0
0
0
0
0
0
0
0
0
0
0
0
0
0
0
0
0
0
2
0
0
0
0
0
0
0
0
0
0
0
0
0
0
0
0
0
0
0
0
0
0
0
0
0
0
0
0
0
0
0
0
0
0
0
0
0
0
0
0
0
0
0
0
0
0
0
0
0
0
0
0
0
0
0
0
0
0
0
0
0
0
0
0
0
0
0
0
0
0
0
0
0
0
0
0
0
0
0
1
0
0
0
0
0
0
0
0
0
0
0
0
0
0
0
0
0
0
0
0
0
0
0
0
0
0
0
0
0
0
0
1
0
0
0
0
0
0
0
0
0
0
0
0
0
0
0
0
0
0
0
0
0
0
0
1
0
0
0
0
0
0
0
0
0
0
0
0
0
0
0
0
0
0
0
0
0
0
0
0
0
0
0
0
0
0
0
0
0
0
0
0
0
0
0
0
0
0
0
0
0
0
0
0
0
0
0
0
0
0
0
0
0
0
0
0
0
0
0
0
0
0
0
0
0
0
0
0
0
0
0
0
0
0
0
0
0
0
0
0
0
0
0
0
0
0
0
0
0
0
0
0
0
0
0
0
0
0
0
0
0
0
0
0
0
0
0
0
0
0
0
0
0
0
0
0
0
0
0
0
0
0
0
0
0
0
0
0
0
0
0
0
0
0
0
0
0
0
0
0
0
0
0
0
0
0
0
0
0
0
0
0
0
0
0
0
0
0
0
0
0
0
0
0
0
0
0
0
0
0
0
0
0
0
0
0
0
0
0
0
0
0
0
0
0
0
0
0
0
0
0
0
0
0
0
0
0
0
0
0
0
0
0
0
0
0
0
0
0
0
0
0
0
0
0
0
0
0
0
0
0
0
0
0
0
0
0
0
0
0
0
0
0
0
0
0
0
0
0
0
0
0
0
0
0
0
0
0
0
0
0
0
0
0
0
0
0
0
0
0
0
0
0
0
0
0
0
0
0
0
0
0
0
0
0
1
0
0
0
0
0
0
0
0
0
0
0
0
0
0
0
0
0
0
0
0
0
0
0
0
0
0
0
0
0
0
0
1
0
0
0
0
0
0
0
0
0
0
0
0
0
0
0
0
0
0
0
0
0
0
0
0
0
0
0
0
0
0
0
0
0
0
0
0
0
0
0
0
0
0
0
0
0
0
0
0
0
0
0
0
0
0
0
0
0
0
0
0
0
0
0
0
0
0
0
0
0
0
0
0
0
0
0
0
0
0
0
0
0
0
0
0
0
0
0
0
0
0
0
0
0
0
0
0
0
0
0
0
0
0
0
0
0
0
0
0
0
0
0
0
0
0
0
0
0
0
0
0
0
0
0
0
0
0
0
0
0
0
0
0
0
0
0
0
0
0
0
0
0
0
0
0
0
0
0
0
0
0
0
0
0
0
0
0
0
0
0
0
0
0
0
0
0
0
0
0
0
0
0
0
0
0
0
1
0
0
0
0
0
0
0
0
0
0
0
0
0
0
0
0
0
0
0
0
0
0
0
0
0
0
0
0
0
0
0
0
0
0
0
0
0
0
0
0
0
0
0
0
0
0
0
0
0
0
0
0
0
0
0
0
0
0
0
0
0
0
0
1
0
0
0
0
0
0
0
0
0
0
0
0
0
0
0
0
0
0
0
0
0
0
0
0
0
0
0
0
0
0
0
0
0
0
0
0
0
0
0
0
0
0
0
0
0
0
0
0
0
0
0
0
0
0
0
1
0
0
0
0
0
0
0
0
0
0
0
0
0
0
0
0
0
0
0
0
0
0
0
0
0
0
0
0
0
0
0
0
0
0
0
0
0
0
0
0
0
0
0
0
0
0
0
0
0
0
0
0
0
0
0
0
0
0
0
0
0
0
0
0
0
0
0
0
0
0
0
0
0
0
0
0
0
0
0
0
0
0
0
0
0
0
0
0
0
0
0
0
0
0
0
0
0
0
0
0
0
0
0
0
0
0
0
0
0
0
0
0
0
0
0
0
0
0
0
1
0
0
0
0
0
0
0
0
0
0
0
0
0
0
0
0
0
0
0
0
0
0
0
0
0
0
0
0
0
0
0
0
0
0
0
0
0
0
0
0
0
0
0
0
0
0
0
0
0
0
0
0
0
0
0
0
0
0
0
0
0
0
0
0
0
0
0
0
0
0
0
0
0
0
0
0
0
0
0
0
0
0
0
0
0
0
0
0
0
0
0
0
0
0
0
0
0
0
0
0
0
0
0
0
0
0
0
0
0
0
0
0
0
0
0
0
0
0
0
0
0
0
0
0
0
0
0
0
0
0
0
0
0
0
0
0
0
0
0
0
0
0
0
0
0
0
0
0
0
0
0
0
0
0
0
0
0
0
0
0
0
0
0
0
0
0
0
0
0
0
0
0
0
0
0
0
0
0
0
0
0
0
0
0
0
0
0
0
0
0
0
0
0
0
0
0
0
0
0
0
0
0
0
0
0
0
0
0
0
0
0
0
0
0
0
1
0
0
0
0
0
0
0
0
0
0
0
0
0
0
0
0
0
0
0
0
0
0
0
0
0
0
0
0
0
0
0
1
0
0
0
0
0
0
0
0
0
0
0
0
0
0
0
0
0
0
0
0
0
0
0
0
0
0
0
0
0
0
0
0
0
0
0
0
0
0
0
0
0
0
0
0
0
0
0
0
0
0
0
0
0
0
0
0
0
0
0
0
0
0
0
0
0
0
0
0
0
0
0
0
0
0
0
0
0
0
0
0
0
0
0
0
0
0
0
0
0
0
0
0
0
0
0
0
0
0
0
0
0
0
0
0
0
0
0
0
0
0
0
0
0
0
0
0
0
0
0
0
0
0
0
0
0
0
0
0
0
0
0
0
0
0
0
0
0
0
0
0
0
0
0
0
0
0
0
0
0
0
0
0
0
0
0
0
0
0
0
0
0
0
0
0
0
0
0
0
0
0
0
0
0
0
0
0
0
0
0
0
0
0
0
0
0
0
0
0
0
0
0
0
0
0
0
0
0
0
0
1
0
0
0
0
0
0
0
0
0
0
0
0
0
0
0
0
0
0
0
0
0
0
0
0
0
0
0
0
0
0
0
0
0
0
0
0
0
0
0
0
0
0
0
0
0
0
0
0
0
0
0
0
0
0
0
0
0
0
0
0
0
0
0
0
0
0
0
0
0
0
0
0
0
0
0
0
0
0
0
0
0
0
0
0
0
0
0
0
0
0
0
0
0
0
0
0
0
0
0
0
0
0
0
0
0
0
0
0
0
0
0
0
0
0
0
0
0
0
0
0
0
0
0
0
0
0
0
0
0
0
0
0
0
0
0
0
0
0
0
0
0
0
0
0
0
0
0
0
0
0
0
0
0
0
0
0
0
0
0
0
0
0
0
0
0
0
0
0
0
0
0
0
0
0
0
0
0
0
0
0
0
0
0
0
0
0
0
0
0
0
0
0
0
0
0
0
0
0
0
0
0
0
0
0
0
0
0
0
0
0
0
0
0
0
0
0
0
0
0
0
0
0
0
0
0
0
0
0
0
0
0
0
0
0
0
0
0
0
0
0
0
0
0
0
0
0
0
0
0
0
0
0
0
0
0
0
0
0
0
0
0
0
0
0
0
0
0
0
0
0
0
0
0
0
0
0
0
0
0
0
0
0
0
0
0
0
0
0
0
0
0
0
0
0
0
0
0
0
0
0
0
0
0
0
0
0
0
0
0
0
0
0
0
0
0
0
0
0
0
0
0
0
0
0
0
0
0
0
0
0
0
0
0
0
0
0
0
0
0
0
0
0
0
0
0
0
0
0
0
0
0
0
0
0
0
0
0
0
0
0
0
0
0
0
0
0
0
0
0
0
0
0
0
0
0
0
0
0
0
0
0
0
0
0
0
0
0
0
0
0
0
0
0
0
0
0
0
0
0
0
0
0
0
0
0
0
0
0
0
0
0
0
0
0
0
0
0
0
0
0
0
0
0
0
0
0
0
0
0
0
0
0
0
0
0
0
0
0
0
0
0
0
0
0
0
0
0
0
0
0
0
0
0
0
0
1
0
0
0
0
0
0
0
0
0
0
0
0
0
0
0
0
0
0
0
0
0
0
0
0
0
0
0
0
0
0
0
0
0
0
0
0
0
0
0
0
0
0
0
0
0
0
0
0
0
0
0
0
0
0
0
0
0
0
0
0
0
0
0
0
0
0
0
0
0
0
0
0
0
0
0
0
0
0
0
0
0
0
0
0
0
0
0
0
0
0
0
0
0
0
0
0
0
0
0
0
0
0
0
1
0
0
0
0
0
0
0
0
0
0
0
0
0
0
0
0
0
0
0
0
0
0
0
0
0
0
0
0
0
0
0
0
0
0
0
0
0
0
0
0
0
0
0
0
0
0
0
0
0
0
0
0
0
0
0
0
0
0
0
0
0
0
0
0
0
0
0
0
0
0
0
0
0
0
0
0
0
0
0
0
0
0
0
0
0
0
0
0
0
0
0
0
0
0
0
0
0
0
0
0
0
0
0
0
0
0
0
0
0
0
0
0
0
0
0
0
0
0
0
0
0
0
0
0
0
0
0
0
0
0
0
0
0
0
0
0
0
0
0
0
0
0
0
0
0
0
0
0
0
0
0
0
0
0
0
0
0
0
0
0
0
0
0
0
0
0
0
0
0
0
0
0
0
0
0
1
0
0
0
0
0
0
0
0
0
0
0
0
0
0
0
0
0
0
0
0
0
0
0
1
0
0
0
0
0
0
0
0
0
0
0
0
0
0
0
0
0
0
0
0
0
0
0
1
0
0
0
0
0
0
0
0
0
0
0
0
0
0
0
0
0
0
0
0
0
0
0
0
0
0
0
0
0
0
0
0
0
0
0
0
0
0
0
0
0
0
0
0
0
0
0
0
0
0
0
0
0
0
0
0
0
0
0
0
0
0
0
0
0
0
0
0
0
0
0
0
0
0
0
0
0
0
0
0
0
0
0
0
0
0
0
0
0
0
0
0
0
0
0
0
0
0
0
0
0
0
0
0
0
0
0
0
0
0
0
0
0
0
0
0
0
0
0
0
0
0
0
0
0
0
0
0
0
0
0
0
0
0
0
0
0
0
0
0
0
0
0
0
0
0
0
0
0
0
0
0
0
0
0
0
0
0
0
0
0
0
0
0
0
0
0
